+-------+-----+-----+-----+-----+-----+--------+------------------------------+-------+-------+-------+-------+-------+-------+-------+--------+------------+------------+-------------+------------+
| COUNT | 1XX | 2XX | 3XX | 4XX | 5XX | METHOD |             URI              |  MIN  |  MAX  |  SUM  |  AVG  |  P90  |  P95  |  P99  | STDDEV | MIN(BODY)  | MAX(BODY)  |  SUM(BODY)  | AVG(BODY)  |
+-------+-----+-----+-----+-----+-----+--------+------------------------------+-------+-------+-------+-------+-------+-------+-------+--------+------------+------------+-------------+------------+
|     1 |   0 |   1 |   0 |   0 |   0 | POST   | /initialize                  | 0.203 | 0.203 | 0.203 | 0.203 | 0.203 | 0.203 | 0.203 |  0.000 |     18.000 |     18.000 |      18.000 |     18.000 |
|     1 |   0 |   1 |   0 |   0 |   0 | GET    | /api/trend                   | 0.020 | 0.020 | 0.020 | 0.020 | 0.020 | 0.020 | 0.020 |  0.000 |   2662.000 |   2662.000 |    2662.000 |   2662.000 |
|     2 |   0 |   2 |   0 |   0 |   0 | POST   | /api/auth                    | 0.001 | 0.009 | 0.010 | 0.005 | 0.009 | 0.009 | 0.009 |  0.004 |      0.000 |      0.000 |       0.000 |      0.000 |
|     7 |   0 |   3 |   4 |   0 |   0 | GET    | /assets/vendor.d5e1a410.js   | 0.003 | 0.003 | 0.007 | 0.001 | 0.003 | 0.003 | 0.003 |  0.001 | 743417.000 | 743417.000 | 2230251.000 | 318607.286 |
|     2 |   0 |   2 |   0 |   0 |   0 | GET    | /api/isu                     | 0.001 | 0.003 | 0.004 | 0.002 | 0.003 | 0.003 | 0.003 |  0.001 |    410.000 |   2079.000 |    2489.000 |   1244.500 |
|     7 |   0 |   3 |   4 |   0 |   0 | GET    | /assets/index.f8c2722b.js    | 0.000 | 0.002 | 0.002 | 0.000 | 0.002 | 0.002 | 0.002 |  0.001 |  26685.000 |  26685.000 |   80055.000 |  11436.429 |
|     7 |   0 |   3 |   4 |   0 |   0 | GET    | /assets/logo_white.svg       | 0.000 | 0.001 | 0.002 | 0.000 | 0.001 | 0.001 | 0.001 |  0.000 |   3285.000 |   3285.000 |    9855.000 |   1407.857 |
|     7 |   0 |   5 |   2 |   0 |   0 | GET    | /                            | 0.000 | 0.002 | 0.002 | 0.000 | 0.002 | 0.002 | 0.002 |  0.001 |    528.000 |    528.000 |    2640.000 |    377.143 |
|     2 |   0 |   2 |   0 |   0 |   0 | GET    | /api/isu/[0-9a-z\-]+         | 0.001 | 0.001 | 0.002 | 0.001 | 0.001 | 0.001 | 0.001 |  0.000 |    121.000 |    125.000 |     246.000 |    123.000 |
|     2 |   0 |   2 |   0 |   0 |   0 | GET    | /api/user/me                 | 0.001 | 0.001 | 0.002 | 0.001 | 0.001 | 0.001 | 0.001 |  0.000 |     26.000 |     30.000 |      56.000 |     28.000 |
|     1 |   0 |   1 |   0 |   0 |   0 | GET    | /stats                       | 0.001 | 0.001 | 0.001 | 0.001 | 0.001 | 0.001 | 0.001 |  0.000 |    737.000 |    737.000 |     737.000 |    737.000 |
|     2 |   0 |   2 |   0 |   0 |   0 | GET    | /isu/[0-9a-z\-]+             | 0.001 | 0.001 | 0.001 | 0.001 | 0.001 | 0.001 | 0.001 |  0.001 |    528.000 |    528.000 |    1056.000 |    528.000 |
|     7 |   0 |   3 |   4 |   0 |   0 | GET    | /assets/index.144d8ca8.css   | 0.000 | 0.001 | 0.001 | 0.000 | 0.001 | 0.001 | 0.001 |  0.000 |  19066.000 |  19066.000 |   57198.000 |   8171.143 |
|     3 |   0 |   3 |   0 |   0 |   0 | GET    | /assets/logo_orange.svg      | 0.000 | 0.001 | 0.001 | 0.000 | 0.001 | 0.001 | 0.001 |  0.000 |   3288.000 |   3288.000 |    9864.000 |   3288.000 |
|     1 |   0 |   1 |   0 |   0 |   0 | POST   | /api/condition/[0-9a-z\-]+   | 0.000 | 0.000 | 0.000 | 0.000 | 0.000 | 0.000 | 0.000 |  0.000 |      0.000 |      0.000 |       0.000 |      0.000 |
|     2 |   0 |   0 |   0 |   0 |   2 | GET    | /api/isu/[0-9a-z\-]+/icon    | 0.000 | 0.000 | 0.000 | 0.000 | 0.000 | 0.000 | 0.000 |  0.000 |    588.000 |    588.000 |    1176.000 |    588.000 |
|     7 |   0 |   3 |   4 |   0 |   0 | GET    | /assets/favicon.d0f5f504.svg | 0.000 | 0.000 | 0.000 | 0.000 | 0.000 | 0.000 | 0.000 |  0.000 |    592.000 |    592.000 |    1776.000 |    253.714 |
+-------+-----+-----+-----+-----+-----+--------+------------------------------+-------+-------+-------+-------+-------+-------+-------+--------+------------+------------+-------------+------------+
