+-------+-----+-------+------+-----+-----+--------+------------------------------+-------+-------+---------+-------+-------+-------+-------+--------+------------+------------+---------------+------------+
| COUNT | 1XX |  2XX  | 3XX  | 4XX | 5XX | METHOD |             URI              |  MIN  |  MAX  |   SUM   |  AVG  |  P90  |  P95  |  P99  | STDDEV | MIN(BODY)  | MAX(BODY)  |   SUM(BODY)   | AVG(BODY)  |
+-------+-----+-------+------+-----+-----+--------+------------------------------+-------+-------+---------+-------+-------+-------+-------+--------+------------+------------+---------------+------------+
| 45222 |   0 | 45112 |    0 | 110 |   0 | GET    | /api/isu/[0-9a-z\-]+/icon    | 0.000 | 0.036 | 239.545 | 0.005 | 0.009 | 0.011 | 0.015 |  0.003 |      0.000 |  99032.000 | 847533548.000 |  18741.620 |
|  6970 |   0 |  6934 |    0 |  36 |   0 | GET    | /api/isu                     | 0.001 | 0.036 |  51.250 | 0.007 | 0.012 | 0.014 | 0.019 |  0.004 |      3.000 |   3748.000 |  15842272.000 |   2272.923 |
| 28646 |   0 | 28646 |    0 |   0 |   0 | POST   | /api/condition/[0-9a-z\-]+   | 0.000 | 0.045 |  45.702 | 0.002 | 0.004 | 0.006 | 0.011 |  0.002 |      0.000 |      0.000 |         0.000 |      0.000 |
|  5133 |   0 |   310 | 4823 |   0 |   0 | GET    | /                            | 0.000 | 0.033 |   8.435 | 0.002 | 0.004 | 0.006 | 0.012 |  0.002 |      0.000 |    528.000 |    163680.000 |     31.888 |
|  4948 |   0 |  4946 |    0 |   2 |   0 | GET    | /api/trend                   | 0.000 | 0.045 |   7.811 | 0.002 | 0.003 | 0.005 | 0.009 |  0.002 |      0.000 |   4637.000 |  20928004.000 |   4229.589 |
|   876 |   0 |   701 |    0 | 175 |   0 | GET    | /api/isu/[0-9a-z\-]+/graph   | 0.001 | 0.036 |   6.183 | 0.007 | 0.012 | 0.014 | 0.020 |  0.004 |     14.000 |   4234.000 |   1462747.000 |   1669.803 |
|   995 |   0 |   750 |    0 | 245 |   0 | GET    | /api/condition/[0-9a-z\-]+   | 0.001 | 0.022 |   4.749 | 0.005 | 0.009 | 0.011 | 0.015 |  0.003 |      3.000 |   6111.000 |   2098633.000 |   2109.179 |
|    58 |   0 |    54 |    0 |   4 |   0 | POST   | /api/isu                     | 0.002 | 0.073 |   3.225 | 0.056 | 0.062 | 0.066 | 0.073 |  0.011 |     15.000 |    134.000 |      6529.000 |    112.569 |
|   899 |   0 |   791 |    0 | 108 |   0 | GET    | /api/isu/[0-9a-z\-]+         | 0.000 | 0.027 |   3.017 | 0.003 | 0.007 | 0.010 | 0.014 |  0.003 |      0.000 |    134.000 |     96442.000 |    107.277 |
|   538 |   0 |   250 |    0 | 288 |   0 | POST   | /api/auth                    | 0.002 | 0.021 |   1.640 | 0.003 | 0.007 | 0.009 | 0.015 |  0.003 |      0.000 |     19.000 |      3312.000 |      6.156 |
|   309 |   0 |   142 |    0 | 167 |   0 | GET    | /api/user/me                 | 0.001 | 0.011 |   0.666 | 0.002 | 0.005 | 0.007 | 0.011 |  0.002 |     21.000 |     41.000 |      8278.000 |     26.790 |
|   171 |   0 |   133 |    0 |  38 |   0 | POST   | /api/signout                 | 0.001 | 0.013 |   0.451 | 0.003 | 0.006 | 0.007 | 0.012 |  0.002 |     21.000 |     21.000 |       798.000 |      4.667 |
|     1 |   0 |     1 |    0 |   0 |   0 | POST   | /initialize                  | 0.235 | 0.235 |   0.235 | 0.235 | 0.235 | 0.235 | 0.235 |  0.000 |     18.000 |     18.000 |        18.000 |     18.000 |
|   168 |   0 |   168 |    0 |   0 |   0 | GET    | /assets/vendor.d5e1a410.js   | 0.000 | 0.018 |   0.141 | 0.001 | 0.002 | 0.005 | 0.018 |  0.002 | 743417.000 | 743417.000 | 124894056.000 | 743417.000 |
|   168 |   0 |   168 |    0 |   0 |   0 | GET    | /assets/logo_white.svg       | 0.000 | 0.004 |   0.016 | 0.000 | 0.000 | 0.000 | 0.004 |  0.001 |   3285.000 |   3285.000 |    551880.000 |   3285.000 |
|   167 |   0 |   167 |    0 |   0 |   0 | GET    | /assets/logo_orange.svg      | 0.000 | 0.004 |   0.012 | 0.000 | 0.000 | 0.000 | 0.004 |  0.000 |   3288.000 |   3288.000 |    549096.000 |   3288.000 |
|   168 |   0 |   168 |    0 |   0 |   0 | GET    | /assets/index.144d8ca8.css   | 0.000 | 0.008 |   0.012 | 0.000 | 0.000 | 0.000 | 0.002 |  0.001 |  19066.000 |  19066.000 |   3203088.000 |  19066.000 |
|   168 |   0 |   168 |    0 |   0 |   0 | GET    | /assets/index.f8c2722b.js    | 0.000 | 0.004 |   0.011 | 0.000 | 0.000 | 0.000 | 0.003 |  0.000 |  26685.000 |  26685.000 |   4483080.000 |  26685.000 |
|   168 |   0 |   168 |    0 |   0 |   0 | GET    | /assets/favicon.d0f5f504.svg | 0.000 | 0.003 |   0.007 | 0.000 | 0.000 | 0.000 | 0.002 |  0.000 |    592.000 |    592.000 |     99456.000 |    592.000 |
|     6 |   0 |     6 |    0 |   0 |   0 | GET    | /isu/[0-9a-z\-]+             | 0.001 | 0.001 |   0.004 | 0.001 | 0.001 | 0.001 | 0.001 |  0.000 |    528.000 |    528.000 |      3168.000 |    528.000 |
|     1 |   0 |     1 |    0 |   0 |   0 | GET    | /stats                       | 0.002 | 0.002 |   0.002 | 0.002 | 0.002 | 0.002 | 0.002 |  0.000 |   1513.000 |   1513.000 |      1513.000 |   1513.000 |
|     6 |   0 |     6 |    0 |   0 |   0 | GET    | /isu/[0-9a-z\-]+/graph       | 0.000 | 0.001 |   0.001 | 0.000 | 0.001 | 0.001 | 0.001 |  0.000 |    528.000 |    528.000 |      3168.000 |    528.000 |
|     3 |   0 |     1 |    2 |   0 |   0 | GET    | /register                    | 0.000 | 0.000 |   0.000 | 0.000 | 0.000 | 0.000 | 0.000 |  0.000 |      0.000 |    528.000 |       528.000 |    176.000 |
|    18 |   0 |     6 |   12 |   0 |   0 | GET    | /isu/[0-9a-z\-]+/condition   | 0.000 | 0.000 |   0.000 | 0.000 | 0.000 | 0.000 | 0.000 |  0.000 |      0.000 |    528.000 |      3168.000 |    176.000 |
+-------+-----+-------+------+-----+-----+--------+------------------------------+-------+-------+---------+-------+-------+-------+-------+--------+------------+------------+---------------+------------+
