+-------+-----+-------+-----+-----+-----+--------+------------------------------+-------+-------+---------+-------+-------+-------+-------+--------+-----------+------------+---------------+------------+
| COUNT | 1XX |  2XX  | 3XX | 4XX | 5XX | METHOD |             URI              |  MIN  |  MAX  |   SUM   |  AVG  |  P90  |  P95  |  P99  | STDDEV | MIN(BODY) | MAX(BODY)  |   SUM(BODY)   | AVG(BODY)  |
+-------+-----+-------+-----+-----+-----+--------+------------------------------+-------+-------+---------+-------+-------+-------+-------+--------+-----------+------------+---------------+------------+
| 77336 |   0 | 76458 |   0 | 878 |   0 | POST   | /api/condition/[0-9a-z\-]+   | 0.001 | 0.104 | 743.148 | 0.010 | 0.022 | 0.064 | 0.100 |  0.020 |     0.000 |     14.000 |        70.000 |      0.001 |
|   453 |   0 |   210 |   0 | 243 |   0 | GET    | /api/trend                   | 0.035 | 1.002 | 413.913 | 0.914 | 0.997 | 1.000 | 1.001 |  0.162 |     0.000 |   4643.000 |    928574.000 |   2049.832 |
| 11652 |   0 | 11454 |   0 | 198 |   0 | GET    | /api/isu/[0-9a-z\-]+/icon    | 0.006 | 0.346 | 292.274 | 0.025 | 0.044 | 0.054 | 0.083 |  0.016 |    14.000 |  99032.000 | 224734334.000 |  19287.190 |
|  5045 |   0 |  4578 |   0 | 467 |   0 | GET    | /api/condition/[0-9a-z\-]+   | 0.004 | 0.175 | 185.750 | 0.037 | 0.065 | 0.078 | 0.109 |  0.022 |     0.000 |   6282.000 |  20968909.000 |   4156.374 |
|  1744 |   0 |  1676 |   0 |  68 |   0 | GET    | /api/isu                     | 0.001 | 0.165 |  90.595 | 0.052 | 0.087 | 0.099 | 0.124 |  0.026 |     0.000 |   3780.000 |   3927186.000 |   2251.827 |
|  1468 |   0 |  1137 |   0 | 331 |   0 | GET    | /api/isu/[0-9a-z\-]+/graph   | 0.003 | 0.146 |  43.977 | 0.030 | 0.053 | 0.065 | 0.082 |  0.018 |     0.000 |   4955.000 |   3614982.000 |   2462.522 |
|  1850 |   0 |  1648 |   0 | 202 |   0 | GET    | /api/isu/[0-9a-z\-]+         | 0.001 | 0.130 |  37.577 | 0.020 | 0.037 | 0.045 | 0.070 |  0.014 |     0.000 |    137.000 |    203632.000 |    110.071 |
|  1055 |   0 |   519 |   0 | 536 |   0 | POST   | /api/auth                    | 0.001 | 0.093 |  10.185 | 0.010 | 0.021 | 0.028 | 0.052 |  0.010 |     0.000 |     19.000 |      6164.000 |      5.843 |
|   692 |   0 |   318 |   0 | 374 |   0 | GET    | /api/user/me                 | 0.000 | 0.049 |   4.687 | 0.007 | 0.017 | 0.022 | 0.037 |  0.008 |    21.000 |     42.000 |     18544.000 |     26.798 |
|   378 |   0 |   309 |   0 |  69 |   0 | POST   | /api/signout                 | 0.000 | 0.061 |   3.943 | 0.010 | 0.021 | 0.026 | 0.048 |  0.009 |    21.000 |     21.000 |      1449.000 |      3.833 |
|    58 |   0 |    54 |   0 |   4 |   0 | POST   | /api/isu                     | 0.001 | 0.093 |   3.582 | 0.062 | 0.078 | 0.089 | 0.093 |  0.018 |    15.000 |    137.000 |      6602.000 |    113.828 |
|   557 |   0 |   344 | 213 |   0 |   0 | GET    | /assets/vendor.d5e1a410.js   | 0.001 | 0.028 |   2.395 | 0.004 | 0.009 | 0.012 | 0.023 |  0.004 |     0.000 | 743417.000 | 255735448.000 | 459130.068 |
|   843 |   0 |   662 | 181 |   0 |   0 | GET    | /                            | 0.001 | 0.021 |   2.338 | 0.003 | 0.007 | 0.009 | 0.013 |  0.003 |     0.000 |    528.000 |    349536.000 |    414.633 |
|   557 |   0 |   344 | 213 |   0 |   0 | GET    | /assets/index.f8c2722b.js    | 0.001 | 0.033 |   2.063 | 0.004 | 0.008 | 0.011 | 0.017 |  0.004 |     0.000 |  26685.000 |   9179640.000 |  16480.503 |
|   557 |   0 |   344 | 213 |   0 |   0 | GET    | /assets/favicon.d0f5f504.svg | 0.001 | 0.034 |   1.905 | 0.003 | 0.008 | 0.010 | 0.016 |  0.004 |     0.000 |    592.000 |    203648.000 |    365.616 |
|   557 |   0 |   344 | 213 |   0 |   0 | GET    | /assets/logo_white.svg       | 0.002 | 0.021 |   1.901 | 0.003 | 0.008 | 0.011 | 0.014 |  0.003 |     0.000 |   3285.000 |   1130040.000 |   2028.797 |
|   557 |   0 |   344 | 213 |   0 |   0 | GET    | /assets/index.144d8ca8.css   | 0.001 | 0.034 |   1.764 | 0.003 | 0.007 | 0.009 | 0.015 |  0.003 |     0.000 |  19066.000 |   6558704.000 |  11775.052 |
|   455 |   0 |   343 | 112 |   0 |   0 | GET    | /assets/logo_orange.svg      | 0.003 | 0.021 |   1.669 | 0.004 | 0.009 | 0.011 | 0.016 |  0.004 |  3288.000 |   3288.000 |   1127784.000 |   2478.646 |
|     1 |   0 |     1 |   0 |   0 |   0 | POST   | /initialize                  | 0.221 | 0.221 |   0.221 | 0.221 | 0.221 | 0.221 | 0.221 |  0.000 |    18.000 |     18.000 |        18.000 |     18.000 |
|    18 |   0 |     6 |  12 |   0 |   0 | GET    | /isu/[0-9a-z\-]+/condition   | 0.000 | 0.001 |   0.005 | 0.000 | 0.001 | 0.001 | 0.001 |  0.000 |     0.000 |    528.000 |      3168.000 |    176.000 |
|     1 |   0 |     1 |   0 |   0 |   0 | GET    | /stats                       | 0.004 | 0.004 |   0.004 | 0.004 | 0.004 | 0.004 | 0.004 |  0.000 |  1656.000 |   1656.000 |      1656.000 |   1656.000 |
|     6 |   0 |     6 |   0 |   0 |   0 | GET    | /isu/[0-9a-z\-]+/graph       | 0.000 | 0.001 |   0.002 | 0.000 | 0.001 | 0.001 | 0.001 |  0.000 |   528.000 |    528.000 |      3168.000 |    528.000 |
|     3 |   0 |     1 |   2 |   0 |   0 | GET    | /register                    | 0.001 | 0.001 |   0.001 | 0.000 | 0.001 | 0.001 | 0.001 |  0.000 |     0.000 |    528.000 |       528.000 |    176.000 |
|     6 |   0 |     6 |   0 |   0 |   0 | GET    | /isu/[0-9a-z\-]+             | 0.000 | 0.000 |   0.000 | 0.000 | 0.000 | 0.000 | 0.000 |  0.000 |   528.000 |    528.000 |      3168.000 |    528.000 |
+-------+-----+-------+-----+-----+-----+--------+------------------------------+-------+-------+---------+-------+-------+-------+-------+--------+-----------+------------+---------------+------------+
