+-------+-----+-------+-----+-----+-----+--------+------------------------------+-------+-------+---------+-------+-------+-------+-------+--------+-----------+------------+--------------+------------+
| COUNT | 1XX |  2XX  | 3XX | 4XX | 5XX | METHOD |             URI              |  MIN  |  MAX  |   SUM   |  AVG  |  P90  |  P95  |  P99  | STDDEV | MIN(BODY) | MAX(BODY)  |  SUM(BODY)   | AVG(BODY)  |
+-------+-----+-------+-----+-----+-----+--------+------------------------------+-------+-------+---------+-------+-------+-------+-------+--------+-----------+------------+--------------+------------+
|   649 |   0 |   357 |   0 | 292 |   0 | GET    | /api/isu                     | 0.001 | 1.005 | 278.978 | 0.430 | 1.000 | 1.001 | 1.001 |  0.428 |     0.000 |   8059.000 |   622960.000 |    959.877 |
| 76042 |   0 | 76014 |   0 |  28 |   0 | POST   | /api/condition/[0-9a-z\-]+   | 0.003 | 0.101 | 172.253 | 0.002 | 0.006 | 0.011 | 0.044 |  0.008 |     0.000 |     14.000 |       70.000 |      0.001 |
|  1724 |   0 |  1017 |   0 | 707 |   0 | GET    | /api/condition/[0-9a-z\-]+   | 0.001 | 0.350 | 100.039 | 0.058 | 0.158 | 0.183 | 0.256 |  0.068 |     3.000 |   6062.000 |  4628123.000 |   2684.526 |
|    77 |   0 |    14 |   0 |  63 |   0 | GET    | /api/trend                   | 0.029 | 1.001 |  66.304 | 0.861 | 1.001 | 1.001 | 1.001 |  0.309 |     0.000 |   3940.000 |    41608.000 |    540.364 |
|  2176 |   0 |  1873 |   0 | 303 |   0 | GET    | /api/isu/[0-9a-z\-]+/icon    | 0.001 | 0.219 |  31.751 | 0.015 | 0.036 | 0.051 | 0.099 |  0.020 |    14.000 |  99032.000 | 35856446.000 |  16478.146 |
|   766 |   0 |   261 |   0 | 505 |   0 | GET    | /api/isu/[0-9a-z\-]+/graph   | 0.001 | 0.247 |  24.609 | 0.032 | 0.130 | 0.166 | 0.222 |  0.055 |    14.000 |   4414.000 |   815594.000 |   1064.744 |
|   608 |   0 |   305 |   0 | 303 |   0 | GET    | /api/isu/[0-9a-z\-]+         | 0.003 | 0.084 |   4.359 | 0.007 | 0.025 | 0.033 | 0.055 |  0.012 |    14.000 |    137.000 |    41771.000 |     68.702 |
|    55 |   0 |    51 |   0 |   4 |   0 | POST   | /api/isu                     | 0.003 | 0.101 |   3.264 | 0.059 | 0.073 | 0.079 | 0.101 |  0.018 |    15.000 |    137.000 |     6254.000 |    113.709 |
|  1164 |   0 |   356 |   0 | 808 |   0 | POST   | /api/auth                    | 0.003 | 0.055 |   3.000 | 0.003 | 0.005 | 0.009 | 0.031 |  0.005 |     0.000 |     19.000 |     9292.000 |      7.983 |
|   235 |   0 |    76 | 159 |   0 |   0 | GET    | /assets/vendor.d5e1a410.js   | 0.000 | 0.030 |   0.368 | 0.002 | 0.003 | 0.005 | 0.021 |  0.003 |     0.000 | 743417.000 | 56499692.000 | 240424.221 |
|   148 |   0 |    45 |   0 | 103 |   0 | POST   | /api/signout                 | 0.000 | 0.065 |   0.330 | 0.002 | 0.007 | 0.010 | 0.018 |  0.006 |    21.000 |     21.000 |     2163.000 |     14.615 |
|   197 |   0 |    53 |   0 | 144 |   0 | GET    | /api/user/me                 | 0.000 | 0.024 |   0.323 | 0.002 | 0.004 | 0.010 | 0.020 |  0.004 |    21.000 |     39.000 |     4754.000 |     24.132 |
|     1 |   0 |     1 |   0 |   0 |   0 | POST   | /initialize                  | 0.237 | 0.237 |   0.237 | 0.237 | 0.237 | 0.237 | 0.237 |  0.000 |    18.000 |     18.000 |       18.000 |     18.000 |
|   235 |   0 |    76 | 159 |   0 |   0 | GET    | /assets/index.f8c2722b.js    | 0.000 | 0.014 |   0.236 | 0.001 | 0.002 | 0.004 | 0.006 |  0.002 |     0.000 |  26685.000 |  2028060.000 |   8630.043 |
|   235 |   0 |    76 | 159 |   0 |   0 | GET    | /assets/index.144d8ca8.css   | 0.000 | 0.014 |   0.209 | 0.001 | 0.002 | 0.004 | 0.006 |  0.001 |     0.000 |  19066.000 |  1449016.000 |   6166.026 |
|   235 |   0 |    76 | 159 |   0 |   0 | GET    | /assets/favicon.d0f5f504.svg | 0.000 | 0.008 |   0.207 | 0.001 | 0.002 | 0.003 | 0.005 |  0.001 |     0.000 |    592.000 |    44992.000 |    191.455 |
|   237 |   0 |   130 | 107 |   0 |   0 | GET    | /                            | 0.000 | 0.006 |   0.133 | 0.001 | 0.001 | 0.002 | 0.004 |  0.001 |     0.000 |    528.000 |    68640.000 |    289.620 |
|   235 |   0 |    76 | 159 |   0 |   0 | GET    | /assets/logo_white.svg       | 0.000 | 0.009 |   0.131 | 0.001 | 0.001 | 0.002 | 0.006 |  0.001 |     0.000 |   3285.000 |   249660.000 |   1062.383 |
|    79 |   0 |    75 |   4 |   0 |   0 | GET    | /assets/logo_orange.svg      | 0.000 | 0.009 |   0.077 | 0.001 | 0.003 | 0.004 | 0.009 |  0.001 |  3288.000 |   3288.000 |   246600.000 |   3121.519 |
|    30 |   0 |    10 |  20 |   0 |   0 | GET    | /isu/[0-9a-z\-]+/condition   | 0.000 | 0.001 |   0.004 | 0.000 | 0.001 | 0.001 | 0.001 |  0.000 |     0.000 |    528.000 |     5280.000 |    176.000 |
|    10 |   0 |    10 |   0 |   0 |   0 | GET    | /isu/[0-9a-z\-]+             | 0.001 | 0.001 |   0.003 | 0.000 | 0.001 | 0.001 | 0.001 |  0.000 |   528.000 |    528.000 |     5280.000 |    528.000 |
|     1 |   0 |     1 |   0 |   0 |   0 | GET    | /stats                       | 0.002 | 0.002 |   0.002 | 0.002 | 0.002 | 0.002 | 0.002 |  0.000 |  1637.000 |   1637.000 |     1637.000 |   1637.000 |
|    10 |   0 |    10 |   0 |   0 |   0 | GET    | /isu/[0-9a-z\-]+/graph       | 0.000 | 0.001 |   0.001 | 0.000 | 0.000 | 0.001 | 0.001 |  0.000 |   528.000 |    528.000 |     5280.000 |    528.000 |
|     3 |   0 |     1 |   2 |   0 |   0 | GET    | /register                    | 0.001 | 0.001 |   0.001 | 0.000 | 0.001 | 0.001 | 0.001 |  0.000 |     0.000 |    528.000 |      528.000 |    176.000 |
+-------+-----+-------+-----+-----+-----+--------+------------------------------+-------+-------+---------+-------+-------+-------+-------+--------+-----------+------------+--------------+------------+
