+-------+-----+-------+------+-----+-----+--------+------------------------------+-------+-------+---------+-------+-------+-------+-------+--------+-----------+------------+---------------+-----------+
| COUNT | 1XX |  2XX  | 3XX  | 4XX | 5XX | METHOD |             URI              |  MIN  |  MAX  |   SUM   |  AVG  |  P90  |  P95  |  P99  | STDDEV | MIN(BODY) | MAX(BODY)  |   SUM(BODY)   | AVG(BODY) |
+-------+-----+-------+------+-----+-----+--------+------------------------------+-------+-------+---------+-------+-------+-------+-------+--------+-----------+------------+---------------+-----------+
| 32149 |   0 | 32062 |    0 |  87 |   0 | GET    | /api/isu/[0-9a-z\-]+/icon    | 0.001 | 0.040 | 202.801 | 0.006 | 0.011 | 0.014 | 0.019 |  0.004 |    14.000 |  99032.000 | 609320321.000 | 18953.010 |
| 23687 |   0 | 23687 |    0 |   0 |   0 | POST   | /api/condition/[0-9a-z\-]+   | 0.001 | 0.046 |  48.567 | 0.002 | 0.005 | 0.008 | 0.014 |  0.003 |     0.000 |      0.000 |         0.000 |     0.000 |
|  4884 |   0 |  4852 |    0 |  32 |   0 | GET    | /api/isu                     | 0.001 | 0.035 |  42.989 | 0.009 | 0.015 | 0.017 | 0.024 |  0.005 |     0.000 |   3729.000 |  10982736.000 |  2248.717 |
|  4100 |   0 |   162 | 3935 |   3 |   0 | GET    | /assets/vendor.d5e1a410.js   | 0.000 | 0.026 |   9.541 | 0.002 | 0.006 | 0.008 | 0.014 |  0.003 |     0.000 | 743417.000 | 120433554.000 | 29374.038 |
|  4204 |   0 |   293 | 3911 |   0 |   0 | GET    | /                            | 0.001 | 0.023 |   9.262 | 0.002 | 0.005 | 0.008 | 0.015 |  0.003 |     0.000 |    528.000 |    154704.000 |    36.799 |
|  4100 |   0 |   159 | 3938 |   3 |   0 | GET    | /assets/index.f8c2722b.js    | 0.000 | 0.029 |   8.596 | 0.002 | 0.005 | 0.007 | 0.013 |  0.003 |     0.000 |  26685.000 |   4242915.000 |  1034.857 |
|  4100 |   0 |   159 | 3938 |   3 |   0 | GET    | /assets/favicon.d0f5f504.svg | 0.000 | 0.019 |   8.518 | 0.002 | 0.005 | 0.007 | 0.012 |  0.002 |     0.000 |    592.000 |     94128.000 |    22.958 |
|  4100 |   0 |   159 | 3938 |   3 |   0 | GET    | /assets/index.144d8ca8.css   | 0.000 | 0.030 |   8.421 | 0.002 | 0.005 | 0.007 | 0.012 |  0.003 |     0.000 |  19066.000 |   3031494.000 |   739.389 |
|  4025 |   0 |  4024 |    0 |   1 |   0 | GET    | /api/trend                   | 0.000 | 0.027 |   7.366 | 0.002 | 0.004 | 0.006 | 0.011 |  0.002 |     0.000 |   4605.000 |  16683093.000 |  4144.868 |
|  4100 |   0 |   159 | 3937 |   4 |   0 | GET    | /assets/logo_white.svg       | 0.000 | 0.019 |   7.348 | 0.002 | 0.004 | 0.006 | 0.011 |  0.002 |     0.000 |   3285.000 |    522315.000 |   127.394 |
|  4036 |   0 |   158 | 3874 |   4 |   0 | GET    | /assets/logo_orange.svg      | 0.000 | 0.019 |   7.186 | 0.002 | 0.004 | 0.006 | 0.011 |  0.002 |     0.000 |   3288.000 |    519504.000 |   128.718 |
|   729 |   0 |   584 |    0 | 145 |   0 | GET    | /api/isu/[0-9a-z\-]+/graph   | 0.004 | 0.040 |   6.036 | 0.008 | 0.015 | 0.017 | 0.022 |  0.005 |    14.000 |   4234.000 |   1227510.000 |  1683.827 |
|   867 |   0 |   664 |    0 | 203 |   0 | GET    | /api/condition/[0-9a-z\-]+   | 0.001 | 0.032 |   5.117 | 0.006 | 0.011 | 0.014 | 0.021 |  0.004 |     3.000 |   5853.000 |   1866695.000 |  2153.051 |
|    58 |   0 |    54 |    0 |   4 |   0 | POST   | /api/isu                     | 0.001 | 0.072 |   3.247 | 0.056 | 0.061 | 0.063 | 0.072 |  0.011 |    15.000 |    140.000 |      6574.000 |   113.345 |
|   789 |   0 |   702 |    0 |  87 |   0 | GET    | /api/isu/[0-9a-z\-]+         | 0.001 | 0.026 |   3.189 | 0.004 | 0.009 | 0.011 | 0.017 |  0.004 |    14.000 |    140.000 |     86247.000 |   109.312 |
|   453 |   0 |   221 |    0 | 232 |   0 | POST   | /api/auth                    | 0.002 | 0.023 |   1.654 | 0.004 | 0.008 | 0.010 | 0.015 |  0.003 |     0.000 |     19.000 |      2668.000 |     5.890 |
|   284 |   0 |   133 |    0 | 151 |   0 | GET    | /api/user/me                 | 0.001 | 0.016 |   0.795 | 0.003 | 0.007 | 0.010 | 0.014 |  0.003 |    21.000 |     37.000 |      7388.000 |    26.014 |
|   155 |   0 |   124 |    0 |  31 |   0 | POST   | /api/signout                 | 0.001 | 0.020 |   0.568 | 0.004 | 0.008 | 0.010 | 0.015 |  0.003 |     0.000 |     21.000 |       651.000 |     4.200 |
|     1 |   0 |     1 |    0 |   0 |   0 | POST   | /initialize                  | 0.228 | 0.228 |   0.228 | 0.228 | 0.228 | 0.228 | 0.228 |  0.000 |    18.000 |     18.000 |        18.000 |    18.000 |
|     1 |   0 |     1 |    0 |   0 |   0 | GET    | /stats                       | 0.002 | 0.002 |   0.002 | 0.002 | 0.002 | 0.002 | 0.002 |  0.000 |  1516.000 |   1516.000 |      1516.000 |  1516.000 |
|    18 |   0 |     6 |   12 |   0 |   0 | GET    | /isu/[0-9a-z\-]+/condition   | 0.000 | 0.001 |   0.001 | 0.000 | 0.000 | 0.001 | 0.001 |  0.000 |     0.000 |    528.000 |      3168.000 |   176.000 |
|     6 |   0 |     6 |    0 |   0 |   0 | GET    | /isu/[0-9a-z\-]+/graph       | 0.000 | 0.001 |   0.001 | 0.000 | 0.001 | 0.001 | 0.001 |  0.000 |   528.000 |    528.000 |      3168.000 |   528.000 |
|     6 |   0 |     6 |    0 |   0 |   0 | GET    | /isu/[0-9a-z\-]+             | 0.000 | 0.001 |   0.001 | 0.000 | 0.001 | 0.001 | 0.001 |  0.000 |   528.000 |    528.000 |      3168.000 |   528.000 |
|     3 |   0 |     1 |    2 |   0 |   0 | GET    | /register                    | 0.000 | 0.000 |   0.000 | 0.000 | 0.000 | 0.000 | 0.000 |  0.000 |     0.000 |    528.000 |       528.000 |   176.000 |
+-------+-----+-------+------+-----+-----+--------+------------------------------+-------+-------+---------+-------+-------+-------+-------+--------+-----------+------------+---------------+-----------+
