+-------+-----+-------+------+-----+-----+--------+------------------------------+-------+-------+---------+-------+-------+-------+-------+--------+-----------+------------+----------------+-----------+
| COUNT | 1XX |  2XX  | 3XX  | 4XX | 5XX | METHOD |             URI              |  MIN  |  MAX  |   SUM   |  AVG  |  P90  |  P95  |  P99  | STDDEV | MIN(BODY) | MAX(BODY)  |   SUM(BODY)    | AVG(BODY) |
+-------+-----+-------+------+-----+-----+--------+------------------------------+-------+-------+---------+-------+-------+-------+-------+--------+-----------+------------+----------------+-----------+
| 61585 |   0 | 61435 |    0 | 150 |   0 | GET    | /api/isu/[0-9a-z\-]+/icon    | 0.001 | 0.036 | 355.320 | 0.006 | 0.010 | 0.012 | 0.018 |  0.003 |    14.000 |  99032.000 | 1173973811.000 | 19062.658 |
|  9555 |   0 |  9505 |    0 |  50 |   0 | GET    | /api/isu                     | 0.001 | 0.036 |  79.255 | 0.008 | 0.013 | 0.016 | 0.021 |  0.004 |     3.000 |   3707.000 |   21909560.000 |  2292.994 |
| 41312 |   0 | 41292 |    0 |  20 |   0 | POST   | /api/condition/[0-9a-z\-]+   | 0.004 | 0.038 |  76.015 | 0.002 | 0.004 | 0.007 | 0.013 |  0.003 |     0.000 |     14.000 |         14.000 |     0.000 |
|  4831 |   0 |   430 | 4401 |   0 |   0 | GET    | /                            | 0.010 | 0.040 |  64.073 | 0.013 | 0.018 | 0.020 | 0.024 |  0.003 |     0.000 |    528.000 |     227040.000 |    46.996 |
|  1423 |   0 |  1173 |    0 | 250 |   0 | GET    | /api/isu/[0-9a-z\-]+/graph   | 0.001 | 0.035 |  11.415 | 0.008 | 0.013 | 0.015 | 0.022 |  0.004 |    14.000 |   4234.000 |    2467680.000 |  1734.139 |
|  4644 |   0 |   227 | 4417 |   0 |   0 | GET    | /assets/vendor.d5e1a410.js   | 0.008 | 0.035 |  10.794 | 0.002 | 0.006 | 0.008 | 0.015 |  0.003 |     0.000 | 743417.000 |  168755659.000 | 36338.428 |
|  4644 |   0 |   227 | 4417 |   0 |   0 | GET    | /assets/index.f8c2722b.js    | 0.001 | 0.026 |   9.428 | 0.002 | 0.005 | 0.007 | 0.012 |  0.003 |     0.000 |  26685.000 |    6057495.000 |  1304.370 |
|  4644 |   0 |   227 | 4417 |   0 |   0 | GET    | /assets/favicon.d0f5f504.svg | 0.008 | 0.026 |   9.294 | 0.002 | 0.005 | 0.007 | 0.012 |  0.003 |     0.000 |    592.000 |     134384.000 |    28.937 |
|  4644 |   0 |   227 | 4417 |   0 |   0 | GET    | /assets/index.144d8ca8.css   | 0.008 | 0.026 |   9.265 | 0.002 | 0.004 | 0.007 | 0.012 |  0.003 |     0.000 |  19066.000 |    4327982.000 |   931.951 |
|  1456 |   0 |  1111 |    0 | 345 |   0 | GET    | /api/condition/[0-9a-z\-]+   | 0.001 | 0.022 |   7.762 | 0.005 | 0.010 | 0.012 | 0.016 |  0.003 |     3.000 |   5842.000 |    3415730.000 |  2345.968 |
|  4552 |   0 |  4552 |    0 |   0 |   0 | GET    | /api/trend                   | 0.001 | 0.021 |   7.738 | 0.002 | 0.004 | 0.006 | 0.010 |  0.002 |  2662.000 |   4606.000 |   18994674.000 |  4172.819 |
|  4555 |   0 |   226 | 4329 |   0 |   0 | GET    | /assets/logo_orange.svg      | 0.005 | 0.024 |   7.250 | 0.002 | 0.003 | 0.005 | 0.010 |  0.002 |     0.000 |   3288.000 |     743088.000 |   163.137 |
|  4640 |   0 |   227 | 4413 |   0 |   0 | GET    | /assets/logo_white.svg       | 0.005 | 0.024 |   7.189 | 0.002 | 0.003 | 0.005 | 0.009 |  0.002 |     0.000 |   3285.000 |     745695.000 |   160.710 |
|  1299 |   0 |  1149 |    0 | 150 |   0 | GET    | /api/isu/[0-9a-z\-]+         | 0.001 | 0.022 |   4.639 | 0.004 | 0.007 | 0.010 | 0.013 |  0.003 |    14.000 |    137.000 |     140144.000 |   107.886 |
|    58 |   0 |    54 |    0 |   4 |   0 | POST   | /api/isu                     | 0.002 | 0.072 |   3.226 | 0.056 | 0.063 | 0.069 | 0.072 |  0.011 |    15.000 |    137.000 |       6542.000 |   112.793 |
|   751 |   0 |   351 |    0 | 400 |   0 | POST   | /api/auth                    | 0.001 | 0.022 |   2.400 | 0.003 | 0.007 | 0.009 | 0.014 |  0.003 |     0.000 |     19.000 |       4600.000 |     6.125 |
|   441 |   0 |   201 |    0 | 240 |   0 | GET    | /api/user/me                 | 0.001 | 0.020 |   1.001 | 0.002 | 0.005 | 0.007 | 0.012 |  0.003 |    21.000 |     36.000 |      11692.000 |    26.512 |
|   244 |   0 |   192 |    0 |  52 |   0 | POST   | /api/signout                 | 0.001 | 0.019 |   0.763 | 0.003 | 0.006 | 0.008 | 0.012 |  0.003 |    21.000 |     21.000 |       1092.000 |     4.475 |
|     1 |   0 |     1 |    0 |   0 |   0 | POST   | /initialize                  | 0.217 | 0.217 |   0.217 | 0.217 | 0.217 | 0.217 | 0.217 |  0.000 |    18.000 |     18.000 |         18.000 |    18.000 |
|     1 |   0 |     1 |    0 |   0 |   0 | GET    | /stats                       | 0.002 | 0.002 |   0.002 | 0.002 | 0.002 | 0.002 | 0.002 |  0.000 |  1616.000 |   1616.000 |       1616.000 |  1616.000 |
|     6 |   0 |     6 |    0 |   0 |   0 | GET    | /isu/[0-9a-z\-]+             | 0.000 | 0.001 |   0.001 | 0.000 | 0.001 | 0.001 | 0.001 |  0.000 |   528.000 |    528.000 |       3168.000 |   528.000 |
|    18 |   0 |     6 |   12 |   0 |   0 | GET    | /isu/[0-9a-z\-]+/condition   | 0.000 | 0.000 |   0.000 | 0.000 | 0.000 | 0.000 | 0.000 |  0.000 |     0.000 |    528.000 |       3168.000 |   176.000 |
|     3 |   0 |     1 |    2 |   0 |   0 | GET    | /register                    | 0.000 | 0.000 |   0.000 | 0.000 | 0.000 | 0.000 | 0.000 |  0.000 |     0.000 |    528.000 |        528.000 |   176.000 |
|     6 |   0 |     6 |    0 |   0 |   0 | GET    | /isu/[0-9a-z\-]+/graph       | 0.000 | 0.000 |   0.000 | 0.000 | 0.000 | 0.000 | 0.000 |  0.000 |   528.000 |    528.000 |       3168.000 |   528.000 |
+-------+-----+-------+------+-----+-----+--------+------------------------------+-------+-------+---------+-------+-------+-------+-------+--------+-----------+------------+----------------+-----------+
