+--------+-----+--------+------+-----+-----+--------+------------------------------+-------+-------+----------+-------+-------+-------+-------+--------+------------+------------+---------------+-----------+
| COUNT  | 1XX |  2XX   | 3XX  | 4XX | 5XX | METHOD |             URI              |  MIN  |  MAX  |   SUM    |  AVG  |  P90  |  P95  |  P99  | STDDEV | MIN(BODY)  | MAX(BODY)  |   SUM(BODY)   | AVG(BODY) |
+--------+-----+--------+------+-----+-----+--------+------------------------------+-------+-------+----------+-------+-------+-------+-------+--------+------------+------------+---------------+-----------+
|   4003 |   0 |   3888 |    0 | 115 |   0 | GET    | /api/trend                   | 0.045 | 1.007 | 1738.303 | 0.434 | 0.780 | 0.910 | 1.000 |  0.243 |      0.000 |   9085.000 |  23392049.000 |  5843.630 |
| 169987 |   0 | 169196 |    0 | 791 |   0 | POST   | /api/condition/[0-9a-z\-]+   | 0.002 | 0.106 | 1046.216 | 0.006 | 0.015 | 0.030 | 0.071 |  0.013 |      0.000 |     14.000 |        56.000 |     0.000 |
|   8037 |   0 |   7661 |    0 | 376 |   0 | GET    | /api/condition/[0-9a-z\-]+   | 0.001 | 0.727 |  574.512 | 0.071 | 0.137 | 0.178 | 0.303 |  0.059 |      0.000 |   6342.000 |  36102848.000 |  4492.080 |
|  13514 |   0 |  13347 |    0 | 167 |   0 | GET    | /api/isu/[0-9a-z\-]+/icon    | 0.002 | 0.686 |  564.118 | 0.042 | 0.085 | 0.119 | 0.242 |  0.045 |      0.000 | 114887.000 | 284140940.000 | 21025.673 |
|   2335 |   0 |   2066 |    0 | 269 |   0 | GET    | /api/isu/[0-9a-z\-]+/graph   | 0.001 | 0.849 |  124.581 | 0.053 | 0.100 | 0.132 | 0.292 |  0.056 |      0.000 |   5055.000 |   6561966.000 |  2810.264 |
|   2341 |   0 |   2286 |    0 |  55 |   0 | GET    | /api/isu                     | 0.002 | 0.468 |  106.593 | 0.046 | 0.094 | 0.124 | 0.251 |  0.045 |      0.000 |   3857.000 |   4487369.000 |  1916.860 |
|   2424 |   0 |   2267 |    0 | 157 |   0 | GET    | /api/isu/[0-9a-z\-]+         | 0.001 | 0.570 |   99.155 | 0.041 | 0.082 | 0.114 | 0.225 |  0.042 |      0.000 |    141.000 |    276254.000 |   113.966 |
|   4037 |   0 |    542 | 3495 |   0 |   0 | GET    | /assets/vendor.d5e1a410.js   | 0.001 | 0.106 |   16.726 | 0.004 | 0.009 | 0.014 | 0.054 |  0.008 | 743417.000 | 743417.000 | 402932014.000 | 99809.763 |
|   1043 |   0 |    627 |    0 | 416 |   0 | POST   | /api/auth                    | 0.001 | 0.294 |   15.999 | 0.015 | 0.034 | 0.057 | 0.122 |  0.024 |      0.000 |     19.000 |      4784.000 |     4.587 |
|    121 |   0 |    121 |    0 |   0 |   0 | POST   | /api/isu                     | 0.070 | 0.371 |   14.429 | 0.119 | 0.154 | 0.193 | 0.316 |  0.048 |    107.000 |    141.000 |     14688.000 |   121.388 |
|    973 |   0 |    470 |    0 | 503 |   0 | GET    | /api/user/me                 | 0.002 | 0.312 |   11.332 | 0.012 | 0.028 | 0.042 | 0.109 |  0.024 |      0.000 |     44.000 |     26806.000 |    27.550 |
|   4037 |   0 |    542 | 3495 |   0 |   0 | GET    | /assets/index.f8c2722b.js    | 0.009 | 0.037 |   11.133 | 0.003 | 0.006 | 0.009 | 0.019 |  0.004 |      0.000 |  26685.000 |  14463270.000 |  3582.678 |
|   4037 |   0 |    542 | 3495 |   0 |   0 | GET    | /assets/favicon.d0f5f504.svg | 0.001 | 0.039 |   11.027 | 0.003 | 0.006 | 0.009 | 0.019 |  0.004 |      0.000 |    592.000 |    320864.000 |    79.481 |
|   4037 |   0 |    542 | 3495 |   0 |   0 | GET    | /assets/index.144d8ca8.css   | 0.001 | 0.037 |   10.834 | 0.003 | 0.006 | 0.009 | 0.019 |  0.004 |      0.000 |  19066.000 |  10333772.000 |  2559.765 |
|   4508 |   0 |   1013 | 3495 |   0 |   0 | GET    | /                            | 0.009 | 0.030 |   10.509 | 0.002 | 0.006 | 0.008 | 0.013 |  0.003 |      0.000 |    528.000 |    534864.000 |   118.648 |
|    502 |   0 |    450 |    0 |  52 |   0 | POST   | /api/signout                 | 0.003 | 0.533 |   10.377 | 0.021 | 0.042 | 0.064 | 0.141 |  0.036 |      0.000 |     21.000 |      1092.000 |     2.175 |
|   4037 |   0 |    540 | 3494 |   3 |   0 | GET    | /assets/logo_white.svg       | 0.000 | 0.028 |    9.397 | 0.002 | 0.006 | 0.008 | 0.013 |  0.003 |      0.000 |   3285.000 |   1773900.000 |   439.410 |
|   3985 |   0 |    540 | 3442 |   3 |   0 | GET    | /assets/logo_orange.svg      | 0.000 | 0.028 |    9.283 | 0.002 | 0.006 | 0.008 | 0.014 |  0.003 |      0.000 |   3288.000 |   1775520.000 |   445.551 |
|      1 |   0 |      1 |    0 |   0 |   0 | GET    | /stats                       | 0.002 | 0.002 |    0.002 | 0.002 | 0.002 | 0.002 | 0.002 |  0.000 |   1677.000 |   1677.000 |      1677.000 |  1677.000 |
+--------+-----+--------+------+-----+-----+--------+------------------------------+-------+-------+----------+-------+-------+-------+-------+--------+------------+------------+---------------+-----------+
