+--------+-----+--------+------+-----+-----+--------+------------------------------+-------+-------+----------+-------+-------+-------+-------+--------+------------+------------+---------------+------------+
| COUNT  | 1XX |  2XX   | 3XX  | 4XX | 5XX | METHOD |             URI              |  MIN  |  MAX  |   SUM    |  AVG  |  P90  |  P95  |  P99  | STDDEV | MIN(BODY)  | MAX(BODY)  |   SUM(BODY)   | AVG(BODY)  |
+--------+-----+--------+------+-----+-----+--------+------------------------------+-------+-------+----------+-------+-------+-------+-------+--------+------------+------------+---------------+------------+
|   4216 |   0 |   4108 |    0 | 108 |   0 | GET    | /api/trend                   | 0.005 | 1.003 | 1707.868 | 0.405 | 0.747 | 0.878 | 1.000 |  0.243 |      0.000 |   8750.000 |  24358200.000 |   5777.562 |
| 171601 |   0 | 170809 |    0 | 792 |   0 | POST   | /api/condition/[0-9a-z\-]+   | 0.001 | 0.111 | 1018.677 | 0.006 | 0.015 | 0.029 | 0.067 |  0.013 |      0.000 |     14.000 |       126.000 |      0.001 |
|  15058 |   0 |  14888 |    0 | 170 |   0 | GET    | /api/isu/[0-9a-z\-]+/icon    | 0.001 | 1.000 |  585.402 | 0.039 | 0.080 | 0.111 | 0.228 |  0.044 |      0.000 | 114887.000 | 310275700.000 |  20605.373 |
|   8335 |   0 |   7940 |    0 | 395 |   0 | GET    | /api/condition/[0-9a-z\-]+   | 0.001 | 1.000 |  567.788 | 0.068 | 0.131 | 0.170 | 0.303 |  0.059 |      0.000 |   6582.000 |  36851161.000 |   4421.255 |
|   2509 |   0 |   2233 |    0 | 276 |   0 | GET    | /api/isu/[0-9a-z\-]+/graph   | 0.005 | 0.547 |  126.010 | 0.050 | 0.100 | 0.130 | 0.237 |  0.046 |      0.000 |   5337.000 |   7012020.000 |   2794.747 |
|   2589 |   0 |   2531 |    0 |  58 |   0 | GET    | /api/isu                     | 0.001 | 0.742 |  109.398 | 0.042 | 0.084 | 0.120 | 0.214 |  0.045 |      0.000 |   8059.000 |   4981900.000 |   1924.256 |
|   2733 |   0 |   2567 |    0 | 166 |   0 | GET    | /api/isu/[0-9a-z\-]+         | 0.015 | 0.446 |  103.033 | 0.038 | 0.080 | 0.111 | 0.224 |  0.041 |      0.000 |    138.000 |    315889.000 |    115.583 |
|    167 |   0 |    163 |    0 |   4 |   0 | POST   | /api/isu                     | 0.003 | 0.387 |   17.796 | 0.107 | 0.158 | 0.196 | 0.346 |  0.056 |     15.000 |    138.000 |     19909.000 |    119.216 |
|   1099 |   0 |    657 |    0 | 442 |   0 | POST   | /api/auth                    | 0.001 | 0.299 |   16.261 | 0.015 | 0.032 | 0.048 | 0.135 |  0.025 |      0.000 |     19.000 |      5060.000 |      4.604 |
|   1009 |   0 |    492 |    0 | 517 |   0 | GET    | /api/user/me                 | 0.001 | 0.348 |   11.911 | 0.012 | 0.029 | 0.045 | 0.118 |  0.024 |     21.000 |     40.000 |     27227.000 |     26.984 |
|    521 |   0 |    464 |    0 |  57 |   0 | POST   | /api/signout                 | 0.001 | 0.350 |   10.218 | 0.020 | 0.046 | 0.068 | 0.125 |  0.029 |      0.000 |     21.000 |      1197.000 |      2.298 |
|   4771 |   0 |   1077 | 3693 |   1 |   0 | GET    | /                            | 0.000 | 0.037 |    9.633 | 0.002 | 0.005 | 0.007 | 0.013 |  0.003 |      0.000 |    528.000 |    568656.000 |    119.190 |
|    583 |   0 |    583 |    0 |   0 |   0 | GET    | /assets/vendor.d5e1a410.js   | 0.001 | 0.106 |    5.252 | 0.009 | 0.019 | 0.037 | 0.084 |  0.015 | 743417.000 | 743417.000 | 433412111.000 | 743417.000 |
|    583 |   0 |    583 |    0 |   0 |   0 | GET    | /assets/index.f8c2722b.js    | 0.001 | 0.044 |    3.184 | 0.005 | 0.012 | 0.016 | 0.035 |  0.006 |  26685.000 |  26685.000 |  15557355.000 |  26685.000 |
|    583 |   0 |    583 |    0 |   0 |   0 | GET    | /assets/index.144d8ca8.css   | 0.001 | 0.040 |    3.029 | 0.005 | 0.012 | 0.015 | 0.032 |  0.006 |  19066.000 |  19066.000 |  11115478.000 |  19066.000 |
|    583 |   0 |    583 |    0 |   0 |   0 | GET    | /assets/favicon.d0f5f504.svg | 0.001 | 0.044 |    2.956 | 0.005 | 0.012 | 0.014 | 0.032 |  0.006 |    592.000 |    592.000 |    345136.000 |    592.000 |
|    583 |   0 |    583 |    0 |   0 |   0 | GET    | /assets/logo_white.svg       | 0.002 | 0.037 |    2.320 | 0.004 | 0.009 | 0.012 | 0.024 |  0.004 |   3285.000 |   3285.000 |   1915155.000 |   3285.000 |
|    582 |   0 |    582 |    0 |   0 |   0 | GET    | /assets/logo_orange.svg      | 0.002 | 0.037 |    2.253 | 0.004 | 0.009 | 0.012 | 0.020 |  0.004 |   3288.000 |   3288.000 |   1913616.000 |   3288.000 |
|      1 |   0 |      1 |    0 |   0 |   0 | POST   | /initialize                  | 0.219 | 0.219 |    0.219 | 0.219 | 0.219 | 0.219 | 0.219 |  0.000 |     18.000 |     18.000 |        18.000 |     18.000 |
|     30 |   0 |     10 |   20 |   0 |   0 | GET    | /isu/[0-9a-z\-]+/condition   | 0.000 | 0.001 |    0.002 | 0.000 | 0.000 | 0.001 | 0.001 |  0.000 |      0.000 |    528.000 |      5280.000 |    176.000 |
|     10 |   0 |     10 |    0 |   0 |   0 | GET    | /isu/[0-9a-z\-]+/graph       | 0.000 | 0.001 |    0.002 | 0.000 | 0.001 | 0.001 | 0.001 |  0.000 |    528.000 |    528.000 |      5280.000 |    528.000 |
|      1 |   0 |      1 |    0 |   0 |   0 | GET    | /stats                       | 0.002 | 0.002 |    0.002 | 0.002 | 0.002 | 0.002 | 0.002 |  0.000 |   1683.000 |   1683.000 |      1683.000 |   1683.000 |
|     10 |   0 |     10 |    0 |   0 |   0 | GET    | /isu/[0-9a-z\-]+             | 0.000 | 0.001 |    0.001 | 0.000 | 0.000 | 0.001 | 0.001 |  0.000 |    528.000 |    528.000 |      5280.000 |    528.000 |
|      3 |   0 |      1 |    2 |   0 |   0 | GET    | /register                    | 0.000 | 0.000 |    0.000 | 0.000 | 0.000 | 0.000 | 0.000 |  0.000 |      0.000 |    528.000 |       528.000 |    176.000 |
+--------+-----+--------+------+-----+-----+--------+------------------------------+-------+-------+----------+-------+-------+-------+-------+--------+------------+------------+---------------+------------+
