+-------+-----+-------+------+-----+-----+--------+------------------------------+-------+-------+---------+-------+-------+-------+-------+--------+-----------+------------+---------------+-----------+
| COUNT | 1XX |  2XX  | 3XX  | 4XX | 5XX | METHOD |             URI              |  MIN  |  MAX  |   SUM   |  AVG  |  P90  |  P95  |  P99  | STDDEV | MIN(BODY) | MAX(BODY)  |   SUM(BODY)   | AVG(BODY) |
+-------+-----+-------+------+-----+-----+--------+------------------------------+-------+-------+---------+-------+-------+-------+-------+--------+-----------+------------+---------------+-----------+
| 45940 |   0 | 45005 |    0 | 794 | 141 | POST   | /api/condition/[0-9a-z\-]+   | 0.004 | 0.125 | 505.464 | 0.011 | 0.026 | 0.040 | 0.100 |  0.017 |   166.000 |    166.000 |     23518.000 |     0.512 |
| 11670 |   0 | 11563 |    0 |  78 |  29 | GET    | /api/isu/[0-9a-z\-]+/icon    | 0.002 | 0.611 | 221.429 | 0.019 | 0.039 | 0.057 | 0.129 |  0.035 |    14.000 |  99032.000 | 232823860.000 | 19950.631 |
|  9627 |   0 |   756 | 8842 |   0 |  29 | GET    | /                            | 0.001 | 0.449 |  95.530 | 0.010 | 0.023 | 0.031 | 0.048 |  0.025 |   166.000 |    568.000 |    411218.000 |    42.715 |
|  9289 |   0 |   417 | 8862 |   0 |  10 | GET    | /assets/vendor.d5e1a410.js   | 0.001 | 0.443 |  95.207 | 0.010 | 0.023 | 0.032 | 0.051 |  0.019 |   166.000 | 743417.000 | 310008559.000 | 33373.728 |
|  9290 |   0 |   417 | 8864 |   0 |   9 | GET    | /assets/index.f8c2722b.js    | 0.001 | 0.443 |  89.157 | 0.010 | 0.023 | 0.031 | 0.046 |  0.017 |   166.000 |  26685.000 |  11131149.000 |  1198.186 |
|  9197 |   0 |  9180 |    0 |   0 |  17 | GET    | /api/trend                   | 0.001 | 0.443 |  88.327 | 0.010 | 0.022 | 0.030 | 0.047 |  0.021 |   166.000 |   7615.000 |  53776296.000 |  5847.156 |
|  9290 |   0 |   417 | 8863 |   0 |  10 | GET    | /assets/favicon.d0f5f504.svg | 0.002 | 0.449 |  88.321 | 0.010 | 0.023 | 0.030 | 0.046 |  0.017 |   166.000 |    592.000 |    250534.000 |    26.968 |
|  2992 |   0 |  2807 |    0 | 175 |  10 | GET    | /api/condition/[0-9a-z\-]+   | 0.002 | 0.638 |  85.522 | 0.029 | 0.062 | 0.087 | 0.206 |  0.048 |     3.000 |   6295.000 |  10942091.000 |  3657.116 |
|  9292 |   0 |   417 | 8868 |   0 |   7 | GET    | /assets/index.144d8ca8.css   | 0.001 | 0.443 |  85.169 | 0.009 | 0.022 | 0.030 | 0.046 |  0.015 |   166.000 |  19066.000 |   7953694.000 |   855.972 |
|  9297 |   0 |   417 | 8848 |  11 |  21 | GET    | /assets/logo_white.svg       | 0.000 | 0.443 |  85.092 | 0.009 | 0.021 | 0.030 | 0.046 |  0.021 |   166.000 |   3285.000 |   1379361.000 |   148.366 |
|  9232 |   0 |   416 | 8788 |   7 |  21 | GET    | /assets/logo_orange.svg      | 0.000 | 0.450 |  85.013 | 0.009 | 0.022 | 0.030 | 0.047 |  0.020 |     0.000 |   3288.000 |   1377726.000 |   149.234 |
|  1800 |   0 |  1763 |    0 |  33 |   4 | GET    | /api/isu                     | 0.004 | 0.292 |  40.334 | 0.022 | 0.051 | 0.071 | 0.140 |  0.029 |     0.000 |   3813.000 |   3967986.000 |  2204.437 |
|  1797 |   0 |  1716 |    0 |  78 |   3 | GET    | /api/isu/[0-9a-z\-]+         | 0.005 | 0.529 |  32.870 | 0.018 | 0.042 | 0.064 | 0.135 |  0.032 |    14.000 |    568.000 |    211348.000 |   117.612 |
|  1075 |   0 |   947 |    0 | 127 |   1 | GET    | /api/isu/[0-9a-z\-]+/graph   | 0.001 | 0.430 |  23.115 | 0.022 | 0.049 | 0.069 | 0.125 |  0.028 |    14.000 |   4789.000 |   2574422.000 |  2394.811 |
|   141 |   0 |   134 |    0 |   4 |   3 | POST   | /api/isu                     | 0.002 | 0.638 |  15.885 | 0.113 | 0.181 | 0.227 | 0.383 |  0.075 |    15.000 |    568.000 |     18093.000 |   128.319 |
|   624 |   0 |   416 |    0 | 208 |   0 | POST   | /api/auth                    | 0.001 | 0.117 |   6.546 | 0.010 | 0.025 | 0.037 | 0.063 |  0.014 |     0.000 |     19.000 |      2392.000 |     3.833 |
|   673 |   0 |   338 |    0 | 335 |   0 | GET    | /api/user/me                 | 0.002 | 0.220 |   6.238 | 0.009 | 0.022 | 0.036 | 0.105 |  0.019 |    21.000 |     40.000 |     18393.000 |    27.330 |
|   345 |   0 |   311 |    0 |  30 |   4 | POST   | /api/signout                 | 0.004 | 0.611 |   4.588 | 0.013 | 0.025 | 0.035 | 0.118 |  0.048 |   166.000 |    568.000 |      2458.000 |     7.125 |
|    23 |   0 |     0 |    0 |  11 |  12 | GET    | /favicon.ico                 | 0.004 | 0.009 |   0.084 | 0.004 | 0.009 | 0.009 | 0.009 |  0.003 |     0.000 |    568.000 |      4806.000 |   208.957 |
|    18 |   0 |     6 |   12 |   0 |   0 | GET    | /isu/[0-9a-z\-]+/condition   | 0.000 | 0.001 |   0.003 | 0.000 | 0.001 | 0.001 | 0.001 |  0.000 |     0.000 |    528.000 |      3168.000 |   176.000 |
|     6 |   0 |     6 |    0 |   0 |   0 | GET    | /isu/[0-9a-z\-]+             | 0.000 | 0.001 |   0.002 | 0.000 | 0.001 | 0.001 | 0.001 |  0.000 |   528.000 |    528.000 |      3168.000 |   528.000 |
|     6 |   0 |     6 |    0 |   0 |   0 | GET    | /isu/[0-9a-z\-]+/graph       | 0.000 | 0.000 |   0.000 | 0.000 | 0.000 | 0.000 | 0.000 |  0.000 |   528.000 |    528.000 |      3168.000 |   528.000 |
|     3 |   0 |     1 |    2 |   0 |   0 | GET    | /register                    | 0.000 | 0.000 |   0.000 | 0.000 | 0.000 | 0.000 | 0.000 |  0.000 |     0.000 |    528.000 |       528.000 |   176.000 |
|     1 |   0 |     1 |    0 |   0 |   0 | GET    | /stats                       | 0.000 | 0.000 |   0.000 | 0.000 | 0.000 | 0.000 | 0.000 |  0.000 |    35.000 |     35.000 |        35.000 |    35.000 |
+-------+-----+-------+------+-----+-----+--------+------------------------------+-------+-------+---------+-------+-------+-------+-------+--------+-----------+------------+---------------+-----------+
