+-------+-----+-------+-----+------+-----+--------+------------------------------+-------+-------+---------+-------+-------+-------+-------+--------+-----------+------------+--------------+------------+
| COUNT | 1XX |  2XX  | 3XX | 4XX  | 5XX | METHOD |             URI              |  MIN  |  MAX  |   SUM   |  AVG  |  P90  |  P95  |  P99  | STDDEV | MIN(BODY) | MAX(BODY)  |  SUM(BODY)   | AVG(BODY)  |
+-------+-----+-------+-----+------+-----+--------+------------------------------+-------+-------+---------+-------+-------+-------+-------+--------+-----------+------------+--------------+------------+
| 74348 |   0 | 73025 |   0 | 1323 |   0 | POST   | /api/condition/[0-9a-z\-]+   | 0.007 | 0.112 | 331.528 | 0.004 | 0.005 | 0.023 | 0.100 |  0.016 |     0.000 |     14.000 |       84.000 |      0.001 |
|   476 |   0 |   199 |   0 |  277 |   0 | GET    | /api/isu                     | 0.001 | 1.258 | 256.555 | 0.539 | 1.001 | 1.001 | 1.002 |  0.454 |     0.000 |   3812.000 |   290111.000 |    609.477 |
|  1052 |   0 |   552 |   0 |  500 |   0 | GET    | /api/condition/[0-9a-z\-]+   | 1.001 | 1.002 | 114.959 | 0.109 | 0.293 | 0.351 | 0.577 |  0.137 |     0.000 |   6582.000 |  2539844.000 |   2414.300 |
|    55 |   0 |     9 |   0 |   46 |   0 | GET    | /api/trend                   | 0.016 | 1.001 |  47.041 | 0.855 | 1.001 | 1.001 | 1.001 |  0.322 |     0.000 |   2734.000 |    24138.000 |    438.873 |
|  1130 |   0 |   914 |   0 |  216 |   0 | GET    | /api/isu/[0-9a-z\-]+/icon    | 0.103 | 1.000 |  46.488 | 0.041 | 0.102 | 0.155 | 0.347 |  0.071 |     0.000 |  99032.000 | 18531112.000 |  16399.214 |
|   519 |   0 |   159 |   0 |  360 |   0 | GET    | /api/isu/[0-9a-z\-]+/graph   | 0.300 | 2.315 |  34.476 | 0.066 | 0.216 | 0.268 | 0.503 |  0.145 |    14.000 |   4690.000 |   493134.000 |    950.162 |
|   385 |   0 |   169 |   0 |  216 |   0 | GET    | /api/isu/[0-9a-z\-]+         | 0.096 | 0.377 |   7.256 | 0.019 | 0.060 | 0.096 | 0.243 |  0.045 |    14.000 |    137.000 |    23983.000 |     62.294 |
|   827 |   0 |   251 |   0 |  576 |   0 | POST   | /api/auth                    | 0.001 | 0.283 |   3.791 | 0.005 | 0.006 | 0.015 | 0.063 |  0.014 |     0.000 |     19.000 |     6624.000 |      8.010 |
|    55 |   0 |    51 |   0 |    4 |   0 | POST   | /api/isu                     | 0.003 | 0.149 |   3.610 | 0.066 | 0.090 | 0.097 | 0.149 |  0.024 |    15.000 |    137.000 |     6235.000 |    113.364 |
|   101 |   0 |    27 |   0 |   74 |   0 | POST   | /api/signout                 | 0.000 | 0.366 |   1.055 | 0.010 | 0.029 | 0.045 | 0.080 |  0.039 |    21.000 |     21.000 |     1554.000 |     15.386 |
|   132 |   0 |    35 |   0 |   97 |   0 | GET    | /api/user/me                 | 0.000 | 0.213 |   0.950 | 0.007 | 0.015 | 0.027 | 0.127 |  0.024 |    21.000 |     39.000 |     3177.000 |     24.068 |
|   164 |   0 |    58 | 106 |    0 |   0 | GET    | /assets/vendor.d5e1a410.js   | 0.000 | 0.029 |   0.306 | 0.002 | 0.004 | 0.007 | 0.013 |  0.003 |     0.000 | 743417.000 | 43118186.000 | 262915.768 |
|     1 |   0 |     1 |   0 |    0 |   0 | POST   | /initialize                  | 0.255 | 0.255 |   0.255 | 0.255 | 0.255 | 0.255 | 0.255 |  0.000 |    18.000 |     18.000 |       18.000 |     18.000 |
|   164 |   0 |    58 | 106 |    0 |   0 | GET    | /assets/index.f8c2722b.js    | 0.001 | 0.009 |   0.185 | 0.001 | 0.003 | 0.004 | 0.006 |  0.001 |     0.000 |  26685.000 |  1547730.000 |   9437.378 |
|   164 |   0 |    58 | 106 |    0 |   0 | GET    | /assets/favicon.d0f5f504.svg | 0.000 | 0.009 |   0.182 | 0.001 | 0.003 | 0.004 | 0.007 |  0.001 |     0.000 |    592.000 |    34336.000 |    209.366 |
|   164 |   0 |    58 | 106 |    0 |   0 | GET    | /assets/index.144d8ca8.css   | 0.001 | 0.009 |   0.176 | 0.001 | 0.003 | 0.004 | 0.005 |  0.001 |     0.000 |  19066.000 |  1105828.000 |   6742.854 |
|   167 |   0 |    93 |  74 |    0 |   0 | GET    | /                            | 0.000 | 0.006 |   0.132 | 0.001 | 0.002 | 0.005 | 0.006 |  0.001 |     0.000 |    528.000 |    49104.000 |    294.036 |
|   164 |   0 |    58 | 106 |    0 |   0 | GET    | /assets/logo_white.svg       | 0.000 | 0.006 |   0.100 | 0.001 | 0.001 | 0.002 | 0.005 |  0.001 |     0.000 |   3285.000 |   190530.000 |   1161.768 |
|    57 |   0 |    57 |   0 |    0 |   0 | GET    | /assets/logo_orange.svg      | 0.001 | 0.006 |   0.070 | 0.001 | 0.003 | 0.005 | 0.006 |  0.001 |  3288.000 |   3288.000 |   187416.000 |   3288.000 |
|    18 |   0 |     6 |  12 |    0 |   0 | GET    | /isu/[0-9a-z\-]+/condition   | 0.000 | 0.001 |   0.004 | 0.000 | 0.001 | 0.001 | 0.001 |  0.000 |     0.000 |    528.000 |     3168.000 |    176.000 |
|     1 |   0 |     1 |   0 |    0 |   0 | GET    | /stats                       | 0.002 | 0.002 |   0.002 | 0.002 | 0.002 | 0.002 | 0.002 |  0.000 |  1520.000 |   1520.000 |     1520.000 |   1520.000 |
|     1 |   0 |     0 |   0 |    1 |   0 | GET    | /favicon.ico                 | 0.002 | 0.002 |   0.002 | 0.002 | 0.002 | 0.002 | 0.002 |  0.000 |    24.000 |     24.000 |       24.000 |     24.000 |
|     6 |   0 |     6 |   0 |    0 |   0 | GET    | /isu/[0-9a-z\-]+/graph       | 0.000 | 0.001 |   0.001 | 0.000 | 0.001 | 0.001 | 0.001 |  0.000 |   528.000 |    528.000 |     3168.000 |    528.000 |
|     3 |   0 |     1 |   2 |    0 |   0 | GET    | /register                    | 0.000 | 0.001 |   0.001 | 0.000 | 0.001 | 0.001 | 0.001 |  0.000 |     0.000 |    528.000 |      528.000 |    176.000 |
|     6 |   0 |     6 |   0 |    0 |   0 | GET    | /isu/[0-9a-z\-]+             | 0.000 | 0.000 |   0.000 | 0.000 | 0.000 | 0.000 | 0.000 |  0.000 |   528.000 |    528.000 |     3168.000 |    528.000 |
+-------+-----+-------+-----+------+-----+--------+------------------------------+-------+-------+---------+-------+-------+-------+-------+--------+-----------+------------+--------------+------------+
