+-------+-----+-------+-----+-----+-----+--------+------------------------------+-------+-------+---------+-------+-------+-------+-------+--------+-----------+------------+--------------+------------+
| COUNT | 1XX |  2XX  | 3XX | 4XX | 5XX | METHOD |             URI              |  MIN  |  MAX  |   SUM   |  AVG  |  P90  |  P95  |  P99  | STDDEV | MIN(BODY) | MAX(BODY)  |  SUM(BODY)   | AVG(BODY)  |
+-------+-----+-------+-----+-----+-----+--------+------------------------------+-------+-------+---------+-------+-------+-------+-------+--------+-----------+------------+--------------+------------+
|   604 |   0 |   320 |   0 | 284 |   0 | GET    | /api/isu                     | 0.001 | 1.002 | 265.339 | 0.439 | 1.000 | 1.001 | 1.001 |  0.436 |     0.000 |   3746.000 |   519754.000 |    860.520 |
| 75973 |   0 | 75917 |   0 |  56 |   0 | POST   | /api/condition/[0-9a-z\-]+   | 0.002 | 0.101 | 179.758 | 0.002 | 0.005 | 0.011 | 0.048 |  0.009 |     0.000 |     14.000 |      112.000 |      0.001 |
|  1603 |   0 |   916 |   0 | 687 |   0 | GET    | /api/condition/[0-9a-z\-]+   | 0.001 | 0.378 | 107.861 | 0.067 | 0.174 | 0.203 | 0.290 |  0.074 |     0.000 |   6402.000 |  4234750.000 |   2641.765 |
|    89 |   0 |    17 |   0 |  72 |   0 | GET    | /api/trend                   | 0.027 | 1.001 |  78.438 | 0.881 | 1.000 | 1.001 | 1.001 |  0.283 |     0.000 |   4051.000 |    54085.000 |    607.697 |
|  1884 |   0 |  1590 |   0 | 294 |   0 | GET    | /api/isu/[0-9a-z\-]+/icon    | 0.001 | 0.249 |  36.234 | 0.019 | 0.048 | 0.067 | 0.127 |  0.026 |    14.000 |  99032.000 | 30869560.000 |  16385.117 |
|   733 |   0 |   243 |   0 | 490 |   0 | GET    | /api/isu/[0-9a-z\-]+/graph   | 0.001 | 0.421 |  28.557 | 0.039 | 0.134 | 0.166 | 0.292 |  0.065 |    14.000 |   4999.000 |   755716.000 |   1030.990 |
|   555 |   0 |   261 |   0 | 294 |   0 | GET    | /api/isu/[0-9a-z\-]+         | 0.001 | 0.259 |   5.318 | 0.010 | 0.031 | 0.040 | 0.072 |  0.019 |    14.000 |    140.000 |    36344.000 |     65.485 |
|    55 |   0 |    51 |   0 |   4 |   0 | POST   | /api/isu                     | 0.003 | 0.115 |   3.509 | 0.064 | 0.086 | 0.107 | 0.115 |  0.022 |    15.000 |    140.000 |     6203.000 |    112.782 |
|  1139 |   0 |   355 |   0 | 784 |   0 | POST   | /api/auth                    | 0.001 | 0.104 |   3.071 | 0.003 | 0.006 | 0.013 | 0.029 |  0.006 |     0.000 |     19.000 |     9016.000 |      7.916 |
|   210 |   0 |    61 |   0 | 149 |   0 | GET    | /api/user/me                 | 0.000 | 0.057 |   0.627 | 0.003 | 0.008 | 0.017 | 0.035 |  0.007 |    21.000 |     40.000 |     5112.000 |     24.343 |
|   153 |   0 |    53 |   0 | 100 |   0 | POST   | /api/signout                 | 0.001 | 0.041 |   0.547 | 0.004 | 0.014 | 0.023 | 0.033 |  0.008 |    21.000 |     21.000 |     2100.000 |     13.725 |
|   224 |   0 |    84 | 140 |   0 |   0 | GET    | /assets/vendor.d5e1a410.js   | 0.001 | 0.028 |   0.316 | 0.001 | 0.003 | 0.004 | 0.017 |  0.003 |     0.000 | 743417.000 | 62447028.000 | 278781.375 |
|     1 |   0 |     1 |   0 |   0 |   0 | POST   | /initialize                  | 0.230 | 0.230 |   0.230 | 0.230 | 0.230 | 0.230 | 0.230 |  0.000 |    18.000 |     18.000 |       18.000 |     18.000 |
|   224 |   0 |    84 | 140 |   0 |   0 | GET    | /assets/index.f8c2722b.js    | 0.001 | 0.013 |   0.223 | 0.001 | 0.003 | 0.003 | 0.005 |  0.001 |     0.000 |  26685.000 |  2241540.000 |  10006.875 |
|   224 |   0 |    84 | 140 |   0 |   0 | GET    | /assets/favicon.d0f5f504.svg | 0.001 | 0.007 |   0.188 | 0.001 | 0.003 | 0.003 | 0.005 |  0.001 |     0.000 |    592.000 |    49728.000 |    222.000 |
|   224 |   0 |    84 | 140 |   0 |   0 | GET    | /assets/index.144d8ca8.css   | 0.001 | 0.006 |   0.167 | 0.001 | 0.003 | 0.003 | 0.005 |  0.001 |     0.000 |  19066.000 |  1601544.000 |   7149.750 |
|   253 |   0 |   145 | 108 |   0 |   0 | GET    | /                            | 0.001 | 0.004 |   0.099 | 0.000 | 0.001 | 0.002 | 0.003 |  0.001 |     0.000 |    528.000 |    76560.000 |    302.609 |
|   224 |   0 |    84 | 140 |   0 |   0 | GET    | /assets/logo_white.svg       | 0.001 | 0.005 |   0.085 | 0.000 | 0.001 | 0.001 | 0.003 |  0.001 |     0.000 |   3285.000 |   275940.000 |   1231.875 |
|    91 |   0 |    83 |   8 |   0 |   0 | GET    | /assets/logo_orange.svg      | 0.001 | 0.005 |   0.057 | 0.001 | 0.001 | 0.003 | 0.005 |  0.001 |  3288.000 |   3288.000 |   272904.000 |   2998.945 |
|    18 |   0 |     6 |  12 |   0 |   0 | GET    | /isu/[0-9a-z\-]+/condition   | 0.000 | 0.001 |   0.004 | 0.000 | 0.001 | 0.001 | 0.001 |  0.000 |     0.000 |    528.000 |     3168.000 |    176.000 |
|     3 |   0 |     1 |   2 |   0 |   0 | GET    | /register                    | 0.001 | 0.001 |   0.003 | 0.001 | 0.001 | 0.001 | 0.001 |  0.000 |     0.000 |    528.000 |      528.000 |    176.000 |
|     6 |   0 |     6 |   0 |   0 |   0 | GET    | /isu/[0-9a-z\-]+             | 0.001 | 0.001 |   0.002 | 0.000 | 0.001 | 0.001 | 0.001 |  0.000 |   528.000 |    528.000 |     3168.000 |    528.000 |
|     6 |   0 |     6 |   0 |   0 |   0 | GET    | /isu/[0-9a-z\-]+/graph       | 0.000 | 0.001 |   0.001 | 0.000 | 0.001 | 0.001 | 0.001 |  0.000 |   528.000 |    528.000 |     3168.000 |    528.000 |
+-------+-----+-------+-----+-----+-----+--------+------------------------------+-------+-------+---------+-------+-------+-------+-------+--------+-----------+------------+--------------+------------+
