+-------+-----+-------+------+-----+-----+--------+------------------------------+-------+-------+---------+-------+-------+-------+-------+--------+-----------+------------+---------------+-----------+
| COUNT | 1XX |  2XX  | 3XX  | 4XX | 5XX | METHOD |             URI              |  MIN  |  MAX  |   SUM   |  AVG  |  P90  |  P95  |  P99  | STDDEV | MIN(BODY) | MAX(BODY)  |   SUM(BODY)   | AVG(BODY) |
+-------+-----+-------+------+-----+-----+--------+------------------------------+-------+-------+---------+-------+-------+-------+-------+--------+-----------+------------+---------------+-----------+
| 35738 |   0 | 35639 |    0 |  99 |   0 | GET    | /api/isu/[0-9a-z\-]+/icon    | 0.001 | 0.055 | 231.869 | 0.006 | 0.011 | 0.014 | 0.020 |  0.004 |    14.000 |  99032.000 | 682359041.000 | 19093.375 |
| 27177 |   0 | 27162 |    0 |  15 |   0 | POST   | /api/condition/[0-9a-z\-]+   | 0.012 | 0.039 |  57.838 | 0.002 | 0.005 | 0.008 | 0.015 |  0.003 |     0.000 |     14.000 |        28.000 |     0.001 |
|  5473 |   0 |  5440 |    0 |  33 |   0 | GET    | /api/isu                     | 0.001 | 0.054 |  50.137 | 0.009 | 0.015 | 0.018 | 0.022 |  0.005 |     3.000 |   3730.000 |  12697174.000 |  2319.966 |
|  4760 |   0 |   191 | 4569 |   0 |   0 | GET    | /assets/vendor.d5e1a410.js   | 0.001 | 0.050 |  11.115 | 0.002 | 0.006 | 0.008 | 0.015 |  0.003 |     0.000 | 743417.000 | 141992647.000 | 29830.388 |
|  4894 |   0 |   352 | 4542 |   0 |   0 | GET    | /                            | 0.001 | 0.035 |  10.687 | 0.002 | 0.005 | 0.008 | 0.016 |  0.003 |     0.000 |    528.000 |    185856.000 |    37.976 |
|  4761 |   0 |   189 | 4572 |   0 |   0 | GET    | /assets/favicon.d0f5f504.svg | 0.000 | 0.035 |  10.136 | 0.002 | 0.005 | 0.008 | 0.013 |  0.003 |     0.000 |    592.000 |    111888.000 |    23.501 |
|  4760 |   0 |   189 | 4571 |   0 |   0 | GET    | /assets/index.f8c2722b.js    | 0.001 | 0.035 |  10.046 | 0.002 | 0.005 | 0.007 | 0.013 |  0.003 |     0.000 |  26685.000 |   5043465.000 |  1059.551 |
|  4761 |   0 |   189 | 4572 |   0 |   0 | GET    | /assets/index.144d8ca8.css   | 0.000 | 0.030 |   9.946 | 0.002 | 0.005 | 0.008 | 0.012 |  0.003 |     0.000 |  19066.000 |   3603474.000 |   756.873 |
|  4686 |   0 |  4686 |    0 |   0 |   0 | GET    | /api/trend                   | 0.002 | 0.033 |   8.646 | 0.002 | 0.004 | 0.006 | 0.011 |  0.002 |  2662.000 |   4535.000 |  19872404.000 |  4240.803 |
|  4759 |   0 |   189 | 4570 |   0 |   0 | GET    | /assets/logo_white.svg       | 0.001 | 0.024 |   8.456 | 0.002 | 0.004 | 0.006 | 0.011 |  0.002 |     0.000 |   3285.000 |    620865.000 |   130.461 |
|  4691 |   0 |   188 | 4503 |   0 |   0 | GET    | /assets/logo_orange.svg      | 0.001 | 0.026 |   8.428 | 0.002 | 0.004 | 0.006 | 0.011 |  0.002 |     0.000 |   3288.000 |    618144.000 |   131.772 |
|   861 |   0 |   696 |    0 | 165 |   0 | GET    | /api/isu/[0-9a-z\-]+/graph   | 0.001 | 0.041 |   7.444 | 0.009 | 0.015 | 0.017 | 0.025 |  0.005 |    14.000 |   4234.000 |   1460571.000 |  1696.366 |
|   976 |   0 |   749 |    0 | 227 |   0 | GET    | /api/condition/[0-9a-z\-]+   | 0.001 | 0.032 |   5.886 | 0.006 | 0.011 | 0.014 | 0.019 |  0.004 |     3.000 |   5801.000 |   2040347.000 |  2090.519 |
|   886 |   0 |   787 |    0 |  99 |   0 | GET    | /api/isu/[0-9a-z\-]+         | 0.001 | 0.025 |   3.585 | 0.004 | 0.008 | 0.011 | 0.016 |  0.003 |    14.000 |    134.000 |     96326.000 |   108.720 |
|    58 |   0 |    54 |    0 |   4 |   0 | POST   | /api/isu                     | 0.001 | 0.070 |   3.249 | 0.056 | 0.063 | 0.067 | 0.070 |  0.011 |    15.000 |    134.000 |      6572.000 |   113.310 |
|   526 |   0 |   262 |    0 | 264 |   0 | POST   | /api/auth                    | 0.001 | 0.033 |   1.931 | 0.004 | 0.008 | 0.010 | 0.015 |  0.004 |     0.000 |     19.000 |      3036.000 |     5.772 |
|   348 |   0 |   163 |    0 | 185 |   0 | GET    | /api/user/me                 | 0.001 | 0.014 |   0.967 | 0.003 | 0.007 | 0.009 | 0.014 |  0.003 |    21.000 |     40.000 |      9605.000 |    27.601 |
|   189 |   0 |   154 |    0 |  35 |   0 | POST   | /api/signout                 | 0.001 | 0.017 |   0.696 | 0.004 | 0.008 | 0.009 | 0.016 |  0.003 |     0.000 |     21.000 |       735.000 |     3.889 |
|     1 |   0 |     1 |    0 |   0 |   0 | POST   | /initialize                  | 0.201 | 0.201 |   0.201 | 0.201 | 0.201 | 0.201 | 0.201 |  0.000 |    18.000 |     18.000 |        18.000 |    18.000 |
|    18 |   0 |     6 |   12 |   0 |   0 | GET    | /isu/[0-9a-z\-]+/condition   | 0.001 | 0.001 |   0.003 | 0.000 | 0.001 | 0.001 | 0.001 |  0.000 |     0.000 |    528.000 |      3168.000 |   176.000 |
|     1 |   0 |     1 |    0 |   0 |   0 | GET    | /stats                       | 0.003 | 0.003 |   0.003 | 0.003 | 0.003 | 0.003 | 0.003 |  0.000 |  1525.000 |   1525.000 |      1525.000 |  1525.000 |
|     3 |   0 |     1 |    2 |   0 |   0 | GET    | /register                    | 0.001 | 0.001 |   0.001 | 0.000 | 0.001 | 0.001 | 0.001 |  0.000 |     0.000 |    528.000 |       528.000 |   176.000 |
|     6 |   0 |     6 |    0 |   0 |   0 | GET    | /isu/[0-9a-z\-]+/graph       | 0.000 | 0.000 |   0.000 | 0.000 | 0.000 | 0.000 | 0.000 |  0.000 |   528.000 |    528.000 |      3168.000 |   528.000 |
|     6 |   0 |     6 |    0 |   0 |   0 | GET    | /isu/[0-9a-z\-]+             | 0.000 | 0.000 |   0.000 | 0.000 | 0.000 | 0.000 | 0.000 |  0.000 |   528.000 |    528.000 |      3168.000 |   528.000 |
+-------+-----+-------+------+-----+-----+--------+------------------------------+-------+-------+---------+-------+-------+-------+-------+--------+-----------+------------+---------------+-----------+
