+--------+-----+--------+------+------+-----+--------+------------------------------+-------+-------+----------+-------+-------+-------+-------+--------+------------+------------+---------------+------------+
| COUNT  | 1XX |  2XX   | 3XX  | 4XX  | 5XX | METHOD |             URI              |  MIN  |  MAX  |   SUM    |  AVG  |  P90  |  P95  |  P99  | STDDEV | MIN(BODY)  | MAX(BODY)  |   SUM(BODY)   | AVG(BODY)  |
+--------+-----+--------+------+------+-----+--------+------------------------------+-------+-------+----------+-------+-------+-------+-------+--------+------------+------------+---------------+------------+
|   3037 |   0 |   2949 |    0 |   88 |   0 | GET    | /api/trend                   | 0.014 | 1.004 | 1324.667 | 0.436 | 0.799 | 0.905 | 1.000 |  0.245 |      0.000 |   7537.000 |  16328199.000 |   5376.424 |
| 148367 |   0 | 146829 |    0 | 1538 |   0 | POST   | /api/condition/[0-9a-z\-]+   | 0.001 | 0.116 | 1308.301 | 0.009 | 0.020 | 0.056 | 0.099 |  0.019 |      0.000 |     14.000 |        98.000 |      0.001 |
|   7138 |   0 |   6760 |    0 |  378 |   0 | GET    | /api/condition/[0-9a-z\-]+   | 0.001 | 0.715 |  510.911 | 0.072 | 0.140 | 0.179 | 0.280 |  0.057 |      0.000 |   6342.000 |  31742600.000 |   4446.988 |
|  11656 |   0 |  11496 |    0 |  160 |   0 | GET    | /api/isu/[0-9a-z\-]+/icon    | 0.001 | 0.597 |  501.952 | 0.043 | 0.089 | 0.123 | 0.217 |  0.043 |      0.000 |  99032.000 | 243578612.000 |  20897.273 |
|   2206 |   0 |   1944 |    0 |  262 |   0 | GET    | /api/isu/[0-9a-z\-]+/graph   | 0.007 | 0.495 |  114.418 | 0.052 | 0.104 | 0.137 | 0.221 |  0.046 |      0.000 |   5185.000 |   6165064.000 |   2794.680 |
|   2056 |   0 |   2002 |    0 |   54 |   0 | GET    | /api/isu                     | 0.001 | 0.382 |   95.134 | 0.046 | 0.096 | 0.122 | 0.249 |  0.045 |      0.000 |   8059.000 |   3812627.000 |   1854.391 |
|   2193 |   0 |   2034 |    0 |  159 |   0 | GET    | /api/isu/[0-9a-z\-]+         | 0.002 | 0.393 |   90.168 | 0.041 | 0.086 | 0.122 | 0.221 |  0.042 |      0.000 |    144.000 |    250011.000 |    114.004 |
|    982 |   0 |    566 |    0 |  416 |   0 | POST   | /api/auth                    | 0.001 | 0.211 |   16.508 | 0.017 | 0.039 | 0.063 | 0.131 |  0.024 |      0.000 |     19.000 |      4784.000 |      4.872 |
|   3146 |   0 |    484 | 2662 |    0 |   0 | GET    | /assets/vendor.d5e1a410.js   | 0.001 | 0.088 |   13.800 | 0.004 | 0.009 | 0.012 | 0.030 |  0.006 | 743417.000 | 743417.000 | 359813828.000 | 114371.846 |
|    135 |   0 |    131 |    0 |    4 |   0 | POST   | /api/isu                     | 0.003 | 0.285 |   12.192 | 0.090 | 0.126 | 0.161 | 0.236 |  0.039 |     15.000 |    144.000 |     15986.000 |    118.415 |
|   3146 |   0 |    484 | 2662 |    0 |   0 | GET    | /assets/index.f8c2722b.js    | 0.002 | 0.054 |   12.054 | 0.004 | 0.008 | 0.011 | 0.020 |  0.004 |  26685.000 |  26685.000 |  12915540.000 |   4105.385 |
|   3146 |   0 |    484 | 2662 |    0 |   0 | GET    | /assets/favicon.d0f5f504.svg | 0.002 | 0.054 |   11.861 | 0.004 | 0.008 | 0.011 | 0.019 |  0.004 |    592.000 |    592.000 |    286528.000 |     91.077 |
|   3504 |   0 |    894 | 2610 |    0 |   0 | GET    | /                            | 0.001 | 0.041 |   11.382 | 0.003 | 0.007 | 0.010 | 0.015 |  0.004 |    528.000 |    528.000 |    472032.000 |    134.712 |
|   3146 |   0 |    484 | 2662 |    0 |   0 | GET    | /assets/index.144d8ca8.css   | 0.002 | 0.054 |   11.368 | 0.004 | 0.008 | 0.011 | 0.018 |  0.004 |  19066.000 |  19066.000 |   9227944.000 |   2933.231 |
|    845 |   0 |    410 |    0 |  435 |   0 | GET    | /api/user/me                 | 0.001 | 0.257 |   10.847 | 0.013 | 0.030 | 0.051 | 0.116 |  0.023 |     21.000 |     40.000 |     23035.000 |     27.260 |
|   3146 |   0 |    484 | 2662 |    0 |   0 | GET    | /assets/logo_white.svg       | 0.001 | 0.044 |   10.756 | 0.003 | 0.007 | 0.010 | 0.016 |  0.004 |   3285.000 |   3285.000 |   1589940.000 |    505.385 |
|   3039 |   0 |    483 | 2556 |    0 |   0 | GET    | /assets/logo_orange.svg      | 0.001 | 0.044 |   10.391 | 0.003 | 0.008 | 0.010 | 0.016 |  0.004 |   3288.000 |   3288.000 |   1588104.000 |    522.575 |
|    439 |   0 |    385 |    0 |   54 |   0 | POST   | /api/signout                 | 0.033 | 0.225 |    9.288 | 0.021 | 0.050 | 0.080 | 0.147 |  0.028 |      0.000 |     21.000 |      1134.000 |      2.583 |
|      1 |   0 |      1 |    0 |    0 |   0 | POST   | /initialize                  | 0.212 | 0.212 |    0.212 | 0.212 | 0.212 | 0.212 | 0.212 |  0.000 |     18.000 |     18.000 |        18.000 |     18.000 |
|     30 |   0 |     10 |   20 |    0 |   0 | GET    | /isu/[0-9a-z\-]+/condition   | 0.000 | 0.001 |    0.003 | 0.000 | 0.000 | 0.001 | 0.001 |  0.000 |      0.000 |    528.000 |      5280.000 |    176.000 |
|     10 |   0 |     10 |    0 |    0 |   0 | GET    | /isu/[0-9a-z\-]+             | 0.001 | 0.001 |    0.003 | 0.000 | 0.001 | 0.001 | 0.001 |  0.000 |    528.000 |    528.000 |      5280.000 |    528.000 |
|      1 |   0 |      1 |    0 |    0 |   0 | GET    | /stats                       | 0.003 | 0.003 |    0.003 | 0.003 | 0.003 | 0.003 | 0.003 |  0.000 |   1681.000 |   1681.000 |      1681.000 |   1681.000 |
|     10 |   0 |     10 |    0 |    0 |   0 | GET    | /isu/[0-9a-z\-]+/graph       | 0.000 | 0.001 |    0.002 | 0.000 | 0.001 | 0.001 | 0.001 |  0.000 |    528.000 |    528.000 |      5280.000 |    528.000 |
|      3 |   0 |      1 |    2 |    0 |   0 | GET    | /register                    | 0.000 | 0.001 |    0.002 | 0.001 | 0.001 | 0.001 | 0.001 |  0.000 |      0.000 |    528.000 |       528.000 |    176.000 |
+--------+-----+--------+------+------+-----+--------+------------------------------+-------+-------+----------+-------+-------+-------+-------+--------+------------+------------+---------------+------------+
