+--------+-----+--------+------+------+-----+--------+------------------------------+-------+-------+----------+-------+-------+-------+-------+--------+------------+------------+---------------+------------+
| COUNT  | 1XX |  2XX   | 3XX  | 4XX  | 5XX | METHOD |             URI              |  MIN  |  MAX  |   SUM    |  AVG  |  P90  |  P95  |  P99  | STDDEV | MIN(BODY)  | MAX(BODY)  |   SUM(BODY)   | AVG(BODY)  |
+--------+-----+--------+------+------+-----+--------+------------------------------+-------+-------+----------+-------+-------+-------+-------+--------+------------+------------+---------------+------------+
|   3120 |   0 |   3024 |    0 |   96 |   0 | GET    | /api/trend                   | 0.014 | 1.003 | 1375.871 | 0.441 | 0.789 | 0.906 | 1.000 |  0.245 |      0.000 |   7690.000 |  16897361.000 |   5415.821 |
| 147700 |   0 | 146046 |    0 | 1654 |   0 | POST   | /api/condition/[0-9a-z\-]+   | 0.001 | 0.107 | 1313.500 | 0.009 | 0.026 | 0.057 | 0.099 |  0.019 |      0.000 |     14.000 |       126.000 |      0.001 |
|   6937 |   0 |   6552 |    0 |  385 |   0 | GET    | /api/condition/[0-9a-z\-]+   | 0.001 | 1.000 |  512.363 | 0.074 | 0.143 | 0.185 | 0.315 |  0.062 |      0.000 |   6342.000 |  30754577.000 |   4433.412 |
|  11338 |   0 |  11172 |    0 |  166 |   0 | GET    | /api/isu/[0-9a-z\-]+/icon    | 0.001 | 0.653 |  501.325 | 0.044 | 0.092 | 0.129 | 0.224 |  0.046 |      0.000 |  99032.000 | 232407383.000 |  20498.093 |
|   2076 |   0 |   1805 |    0 |  271 |   0 | GET    | /api/isu/[0-9a-z\-]+/graph   | 0.045 | 0.518 |  108.144 | 0.052 | 0.102 | 0.140 | 0.242 |  0.047 |      0.000 |   5196.000 |   5689535.000 |   2740.624 |
|   2006 |   0 |   1952 |    0 |   54 |   0 | GET    | /api/isu                     | 0.001 | 0.722 |   94.440 | 0.047 | 0.094 | 0.136 | 0.266 |  0.049 |      0.000 |   3813.000 |   3702675.000 |   1845.800 |
|   2124 |   0 |   1965 |    0 |  159 |   0 | GET    | /api/isu/[0-9a-z\-]+         | 0.017 | 0.481 |   93.230 | 0.044 | 0.095 | 0.131 | 0.244 |  0.047 |     14.000 |    140.000 |    239957.000 |    112.974 |
|    969 |   0 |    545 |    0 |  424 |   0 | POST   | /api/auth                    | 0.001 | 0.482 |   16.622 | 0.017 | 0.038 | 0.058 | 0.137 |  0.031 |      0.000 |     19.000 |      4876.000 |      5.032 |
|   3210 |   0 |    463 | 2747 |    0 |   0 | GET    | /assets/vendor.d5e1a410.js   | 0.001 | 0.075 |   13.978 | 0.004 | 0.009 | 0.012 | 0.029 |  0.006 | 743417.000 | 743417.000 | 344202071.000 | 107228.060 |
|    139 |   0 |    135 |    0 |    4 |   0 | POST   | /api/isu                     | 0.002 | 0.433 |   13.748 | 0.099 | 0.147 | 0.193 | 0.383 |  0.057 |     15.000 |    140.000 |     16408.000 |    118.043 |
|   3564 |   0 |    849 | 2715 |    0 |   0 | GET    | /                            | 0.000 | 0.034 |   12.572 | 0.004 | 0.008 | 0.012 | 0.019 |  0.004 |    528.000 |    528.000 |    448272.000 |    125.778 |
|   3210 |   0 |    463 | 2747 |    0 |   0 | GET    | /assets/favicon.d0f5f504.svg | 0.002 | 0.039 |   12.007 | 0.004 | 0.008 | 0.011 | 0.019 |  0.004 |    592.000 |    592.000 |    274096.000 |     85.388 |
|   3210 |   0 |    463 | 2747 |    0 |   0 | GET    | /assets/index.f8c2722b.js    | 0.001 | 0.038 |   11.928 | 0.004 | 0.008 | 0.011 | 0.019 |  0.004 |  26685.000 |  26685.000 |  12355155.000 |   3848.958 |
|   3210 |   0 |    463 | 2747 |    0 |   0 | GET    | /assets/logo_white.svg       | 0.001 | 0.035 |   11.384 | 0.004 | 0.008 | 0.011 | 0.019 |  0.004 |   3285.000 |   3285.000 |   1520955.000 |    473.818 |
|   3210 |   0 |    463 | 2747 |    0 |   0 | GET    | /assets/index.144d8ca8.css   | 0.001 | 0.039 |   11.378 | 0.004 | 0.008 | 0.010 | 0.019 |  0.004 |  19066.000 |  19066.000 |   8827558.000 |   2750.018 |
|   3122 |   0 |    462 | 2660 |    0 |   0 | GET    | /assets/logo_orange.svg      | 0.001 | 0.035 |   11.054 | 0.004 | 0.008 | 0.011 | 0.019 |  0.004 |   3288.000 |   3288.000 |   1519056.000 |    486.565 |
|    798 |   0 |    386 |    0 |  412 |   0 | GET    | /api/user/me                 | 0.002 | 0.282 |   10.310 | 0.013 | 0.030 | 0.052 | 0.111 |  0.024 |      0.000 |     39.000 |     21644.000 |     27.123 |
|    416 |   0 |    361 |    0 |   55 |   0 | POST   | /api/signout                 | 0.001 | 0.238 |    9.230 | 0.022 | 0.054 | 0.083 | 0.137 |  0.031 |      0.000 |     21.000 |      1155.000 |      2.776 |
|      1 |   0 |      1 |    0 |    0 |   0 | POST   | /initialize                  | 0.208 | 0.208 |    0.208 | 0.208 | 0.208 | 0.208 | 0.208 |  0.000 |     18.000 |     18.000 |        18.000 |     18.000 |
|      1 |   0 |      1 |    0 |    0 |   0 | GET    | /stats                       | 0.003 | 0.003 |    0.003 | 0.003 | 0.003 | 0.003 | 0.003 |  0.000 |   1681.000 |   1681.000 |      1681.000 |   1681.000 |
|     18 |   0 |      6 |   12 |    0 |   0 | GET    | /isu/[0-9a-z\-]+/condition   | 0.000 | 0.001 |    0.002 | 0.000 | 0.001 | 0.001 | 0.001 |  0.000 |      0.000 |    528.000 |      3168.000 |    176.000 |
|      6 |   0 |      6 |    0 |    0 |   0 | GET    | /isu/[0-9a-z\-]+/graph       | 0.001 | 0.001 |    0.002 | 0.000 | 0.001 | 0.001 | 0.001 |  0.000 |    528.000 |    528.000 |      3168.000 |    528.000 |
|      6 |   0 |      6 |    0 |    0 |   0 | GET    | /isu/[0-9a-z\-]+             | 0.000 | 0.001 |    0.002 | 0.000 | 0.001 | 0.001 | 0.001 |  0.000 |    528.000 |    528.000 |      3168.000 |    528.000 |
|      3 |   0 |      1 |    2 |    0 |   0 | GET    | /register                    | 0.000 | 0.001 |    0.001 | 0.000 | 0.001 | 0.001 | 0.001 |  0.000 |      0.000 |    528.000 |       528.000 |    176.000 |
+--------+-----+--------+------+------+-----+--------+------------------------------+-------+-------+----------+-------+-------+-------+-------+--------+------------+------------+---------------+------------+
