+--------+-----+--------+------+-----+-----+--------+------------------------------+-------+-------+----------+-------+-------+-------+-------+--------+------------+------------+---------------+------------+
| COUNT  | 1XX |  2XX   | 3XX  | 4XX | 5XX | METHOD |             URI              |  MIN  |  MAX  |   SUM    |  AVG  |  P90  |  P95  |  P99  | STDDEV | MIN(BODY)  | MAX(BODY)  |   SUM(BODY)   | AVG(BODY)  |
+--------+-----+--------+------+-----+-----+--------+------------------------------+-------+-------+----------+-------+-------+-------+-------+--------+------------+------------+---------------+------------+
| 152736 |   0 | 151865 |    0 | 871 |   0 | POST   | /api/condition/[0-9a-z\-]+   | 0.002 | 0.133 | 1484.542 | 0.010 | 0.021 | 0.037 | 0.078 |  0.014 |      0.000 |     14.000 |        56.000 |      0.000 |
|   2754 |   0 |   2656 |    0 |  98 |   0 | GET    | /api/trend                   | 0.066 | 1.005 | 1436.741 | 0.522 | 0.834 | 0.944 | 1.000 |  0.220 |      0.000 |   8217.000 |  16372099.000 |   5944.844 |
|   6721 |   0 |   6426 |    0 | 295 |   0 | GET    | /api/condition/[0-9a-z\-]+   | 0.001 | 0.713 |  539.603 | 0.080 | 0.146 | 0.182 | 0.285 |  0.055 |      0.000 |   6222.000 |  30860074.000 |   4591.590 |
|   9461 |   0 |   9327 |    0 | 134 |   0 | GET    | /api/isu/[0-9a-z\-]+/icon    | 0.001 | 0.640 |  497.790 | 0.053 | 0.102 | 0.133 | 0.221 |  0.044 |      0.000 | 114887.000 | 198312378.000 |  20961.038 |
|   1904 |   0 |   1703 |    0 | 201 |   0 | GET    | /api/isu/[0-9a-z\-]+/graph   | 0.013 | 0.402 |  122.329 | 0.064 | 0.114 | 0.150 | 0.230 |  0.043 |      0.000 |   4926.000 |   5540960.000 |   2910.168 |
|   1705 |   0 |   1664 |    0 |  41 |   0 | GET    | /api/isu                     | 0.001 | 0.620 |   94.636 | 0.056 | 0.103 | 0.131 | 0.232 |  0.045 |      0.000 |   3789.000 |   3098785.000 |   1817.469 |
|   1798 |   0 |   1675 |    0 | 123 |   0 | GET    | /api/isu/[0-9a-z\-]+         | 0.001 | 0.499 |   86.858 | 0.048 | 0.092 | 0.124 | 0.192 |  0.041 |      0.000 |    138.000 |    203999.000 |    113.459 |
|   2767 |   0 |    396 | 2371 |   0 |   0 | GET    | /assets/vendor.d5e1a410.js   | 0.001 | 0.116 |   19.316 | 0.007 | 0.014 | 0.019 | 0.055 |  0.010 | 743417.000 | 743417.000 | 294393132.000 | 106394.338 |
|   3109 |   0 |    738 | 2371 |   0 |   0 | GET    | /                            | 0.001 | 0.095 |   17.949 | 0.006 | 0.012 | 0.017 | 0.029 |  0.006 |    528.000 |    528.000 |    389664.000 |    125.334 |
|    783 |   0 |    462 |    0 | 321 |   0 | POST   | /api/auth                    | 0.001 | 0.268 |   16.978 | 0.022 | 0.048 | 0.064 | 0.134 |  0.024 |      0.000 |     19.000 |      3680.000 |      4.700 |
|   2767 |   0 |    396 | 2371 |   0 |   0 | GET    | /assets/favicon.d0f5f504.svg | 0.001 | 0.095 |   16.810 | 0.006 | 0.013 | 0.016 | 0.028 |  0.007 |    592.000 |    592.000 |    234432.000 |     84.724 |
|   2767 |   0 |    396 | 2371 |   0 |   0 | GET    | /assets/index.f8c2722b.js    | 0.001 | 0.095 |   16.735 | 0.006 | 0.012 | 0.016 | 0.029 |  0.007 |  26685.000 |  26685.000 |  10567260.000 |   3819.031 |
|   2767 |   0 |    396 | 2371 |   0 |   0 | GET    | /assets/index.144d8ca8.css   | 0.001 | 0.095 |   16.343 | 0.006 | 0.012 | 0.016 | 0.029 |  0.007 |  19066.000 |  19066.000 |   7550136.000 |   2728.636 |
|   2767 |   0 |    396 | 2371 |   0 |   0 | GET    | /assets/logo_white.svg       | 0.001 | 0.062 |   15.939 | 0.006 | 0.012 | 0.016 | 0.028 |  0.006 |   3285.000 |   3285.000 |   1300860.000 |    470.134 |
|   2727 |   0 |    396 | 2331 |   0 |   0 | GET    | /assets/logo_orange.svg      | 0.001 | 0.062 |   15.712 | 0.006 | 0.013 | 0.016 | 0.028 |  0.006 |   3288.000 |   3288.000 |   1302048.000 |    477.465 |
|     93 |   0 |     93 |    0 |   0 |   0 | POST   | /api/isu                     | 0.068 | 0.464 |   12.751 | 0.137 | 0.194 | 0.326 | 0.464 |  0.068 |    111.000 |    138.000 |     11308.000 |    121.591 |
|    706 |   0 |    342 |    0 | 364 |   0 | GET    | /api/user/me                 | 0.001 | 0.453 |   12.309 | 0.017 | 0.040 | 0.055 | 0.139 |  0.032 |     21.000 |     43.000 |     19011.000 |     26.928 |
|    364 |   0 |    324 |    0 |  40 |   0 | POST   | /api/signout                 | 0.006 | 0.187 |    8.942 | 0.025 | 0.052 | 0.077 | 0.146 |  0.026 |      0.000 |     21.000 |       840.000 |      2.308 |
|      1 |   0 |      1 |    0 |   0 |   0 | GET    | /stats                       | 0.003 | 0.003 |    0.003 | 0.003 | 0.003 | 0.003 | 0.003 |  0.000 |   1678.000 |   1678.000 |      1678.000 |   1678.000 |
+--------+-----+--------+------+-----+-----+--------+------------------------------+-------+-------+----------+-------+-------+-------+-------+--------+------------+------------+---------------+------------+
