+--------+-----+--------+------+-----+-----+--------+------------------------------+-------+-------+----------+-------+-------+-------+-------+--------+-----------+------------+---------------+------------+
| COUNT  | 1XX |  2XX   | 3XX  | 4XX | 5XX | METHOD |             URI              |  MIN  |  MAX  |   SUM    |  AVG  |  P90  |  P95  |  P99  | STDDEV | MIN(BODY) | MAX(BODY)  |   SUM(BODY)   | AVG(BODY)  |
+--------+-----+--------+------+-----+-----+--------+------------------------------+-------+-------+----------+-------+-------+-------+-------+--------+-----------+------------+---------------+------------+
|   3182 |   0 |   3068 |    0 | 114 |   0 | GET    | /api/trend                   | 0.020 | 1.004 | 1567.463 | 0.493 | 0.813 | 0.935 | 1.000 |  0.226 |     0.000 |   8748.000 |  19334146.000 |   6076.099 |
| 162451 |   0 | 161692 |    0 | 759 |   0 | POST   | /api/condition/[0-9a-z\-]+   | 0.001 | 0.116 | 1010.934 | 0.006 | 0.016 | 0.031 | 0.070 |  0.013 |     0.000 |     14.000 |        28.000 |      0.000 |
|   7650 |   0 |   7319 |    0 | 331 |   0 | GET    | /api/condition/[0-9a-z\-]+   | 0.001 | 0.696 |  557.794 | 0.073 | 0.135 | 0.175 | 0.323 |  0.059 |     0.000 |   6410.000 |  35084345.000 |   4586.189 |
|  11678 |   0 |  11534 |    0 | 144 |   0 | GET    | /api/isu/[0-9a-z\-]+/icon    | 0.000 | 0.649 |  538.648 | 0.046 | 0.092 | 0.125 | 0.244 |  0.047 |     0.000 | 114887.000 | 254641384.000 |  21805.222 |
|   2168 |   0 |   1940 |    0 | 228 |   0 | GET    | /api/isu/[0-9a-z\-]+/graph   | 0.003 | 0.916 |  122.035 | 0.056 | 0.103 | 0.139 | 0.258 |  0.051 |     0.000 |   5430.000 |   6300601.000 |   2906.181 |
|   2076 |   0 |   2027 |    0 |  49 |   0 | GET    | /api/isu                     | 0.005 | 0.529 |  104.014 | 0.050 | 0.095 | 0.127 | 0.256 |  0.048 |     0.000 |   3805.000 |   3861205.000 |   1859.925 |
|   2186 |   0 |   2046 |    0 | 140 |   0 | GET    | /api/isu/[0-9a-z\-]+         | 0.001 | 0.517 |   93.104 | 0.043 | 0.085 | 0.118 | 0.214 |  0.042 |     0.000 |    147.000 |    250804.000 |    114.732 |
|    898 |   0 |    530 |    0 | 368 |   0 | POST   | /api/auth                    | 0.004 | 0.307 |   15.567 | 0.017 | 0.040 | 0.063 | 0.168 |  0.029 |     0.000 |     19.000 |      4232.000 |      4.713 |
|    107 |   0 |    107 |    0 |   0 |   0 | POST   | /api/isu                     | 0.073 | 0.307 |   13.349 | 0.125 | 0.186 | 0.209 | 0.272 |  0.043 |   111.000 |    147.000 |     12933.000 |    120.869 |
|    810 |   0 |    392 |    0 | 418 |   0 | GET    | /api/user/me                 | 0.001 | 0.327 |   10.392 | 0.013 | 0.032 | 0.056 | 0.106 |  0.024 |    21.000 |     42.000 |     21917.000 |     27.058 |
|   3197 |   0 |    452 | 2745 |   0 |   0 | GET    | /assets/vendor.d5e1a410.js   | 0.001 | 0.093 |   10.007 | 0.003 | 0.007 | 0.010 | 0.028 |  0.006 |     0.000 | 743417.000 | 336024484.000 | 105106.188 |
|   3197 |   0 |    452 | 2745 |   0 |   0 | GET    | /assets/index.144d8ca8.css   | 0.002 | 0.040 |    8.747 | 0.003 | 0.006 | 0.010 | 0.018 |  0.004 |     0.000 |  19066.000 |   8617832.000 |   2695.600 |
|   3197 |   0 |    452 | 2745 |   0 |   0 | GET    | /assets/index.f8c2722b.js    | 0.001 | 0.040 |    8.647 | 0.003 | 0.006 | 0.009 | 0.018 |  0.004 |     0.000 |  26685.000 |  12061620.000 |   3772.793 |
|    418 |   0 |    372 |    0 |  46 |   0 | POST   | /api/signout                 | 0.002 | 0.405 |    8.552 | 0.020 | 0.039 | 0.060 | 0.147 |  0.031 |     0.000 |     21.000 |       966.000 |      2.311 |
|   3197 |   0 |    452 | 2745 |   0 |   0 | GET    | /assets/favicon.d0f5f504.svg | 0.000 | 0.040 |    8.530 | 0.003 | 0.006 | 0.009 | 0.018 |  0.004 |     0.000 |    592.000 |    267584.000 |     83.698 |
|   3589 |   0 |    844 | 2745 |   0 |   0 | GET    | /                            | 0.002 | 0.029 |    8.390 | 0.002 | 0.006 | 0.008 | 0.015 |  0.003 |     0.000 |    528.000 |    445632.000 |    124.166 |
|   3198 |   0 |    452 | 2746 |   0 |   0 | GET    | /assets/logo_white.svg       | 0.001 | 0.029 |    7.358 | 0.002 | 0.006 | 0.008 | 0.017 |  0.003 |     0.000 |   3285.000 |   1484820.000 |    464.296 |
|   3152 |   0 |    452 | 2700 |   0 |   0 | GET    | /assets/logo_orange.svg      | 0.001 | 0.029 |    7.027 | 0.002 | 0.006 | 0.008 | 0.017 |  0.003 |     0.000 |   3288.000 |   1486176.000 |    471.503 |
|      1 |   0 |      1 |    0 |   0 |   0 | GET    | /stats                       | 0.003 | 0.003 |    0.003 | 0.003 | 0.003 | 0.003 | 0.003 |  0.000 |  1679.000 |   1679.000 |      1679.000 |   1679.000 |
+--------+-----+--------+------+-----+-----+--------+------------------------------+-------+-------+----------+-------+-------+-------+-------+--------+-----------+------------+---------------+------------+
