+--------+-----+--------+------+------+-----+--------+------------------------------+-------+-------+----------+-------+-------+-------+-------+--------+-----------+------------+---------------+-----------+
| COUNT  | 1XX |  2XX   | 3XX  | 4XX  | 5XX | METHOD |             URI              |  MIN  |  MAX  |   SUM    |  AVG  |  P90  |  P95  |  P99  | STDDEV | MIN(BODY) | MAX(BODY)  |   SUM(BODY)   | AVG(BODY) |
+--------+-----+--------+------+------+-----+--------+------------------------------+-------+-------+----------+-------+-------+-------+-------+--------+-----------+------------+---------------+-----------+
| 153622 |   0 | 148256 |    0 | 5366 |   0 | POST   | /api/condition/[0-9a-z\-]+   | 0.001 | 0.111 | 2240.395 | 0.015 | 0.048 | 0.079 | 0.100 |  0.025 |     0.000 |     14.000 |       266.000 |     0.002 |
|   8202 |   0 |   7855 |    0 |  347 |   0 | GET    | /api/condition/[0-9a-z\-]+   | 0.002 | 1.001 |  871.020 | 0.106 | 0.228 | 0.293 | 0.486 |  0.100 |     0.000 |   6462.000 |  39724678.000 |  4843.292 |
|   1877 |   0 |   1774 |    0 |  103 |   0 | GET    | /api/trend                   | 0.012 | 1.002 |  814.234 | 0.434 | 0.871 | 1.000 | 1.000 |  0.272 |     0.000 |   7312.000 |   9688202.000 |  5161.535 |
|   5798 |   0 |   5657 |    0 |  141 |   0 | GET    | /api/isu/[0-9a-z\-]+/icon    | 0.001 | 0.701 |  256.925 | 0.044 | 0.102 | 0.153 | 0.271 |  0.056 |     0.000 |  99032.000 | 121218594.000 | 20906.967 |
|   1204 |   0 |    972 |    0 |  232 |   0 | GET    | /api/isu/[0-9a-z\-]+/graph   | 0.001 | 0.726 |   79.381 | 0.066 | 0.151 | 0.215 | 0.343 |  0.076 |     0.000 |   7385.000 |   4734766.000 |  3932.530 |
|   1031 |   0 |    985 |    0 |   46 |   0 | GET    | /api/isu                     | 0.011 | 0.578 |   50.729 | 0.049 | 0.112 | 0.162 | 0.270 |  0.060 |     3.000 |   3828.000 |   1878635.000 |  1822.148 |
|   1181 |   0 |   1043 |    0 |  138 |   0 | GET    | /api/isu/[0-9a-z\-]+         | 0.002 | 0.459 |   49.859 | 0.042 | 0.103 | 0.138 | 0.267 |  0.052 |    14.000 |    143.000 |    130631.000 |   110.610 |
|    129 |   0 |    125 |    0 |    4 |   0 | POST   | /api/isu                     | 0.001 | 0.412 |   12.205 | 0.095 | 0.149 | 0.175 | 0.343 |  0.054 |    15.000 |    143.000 |     15309.000 |   118.674 |
|    697 |   0 |    329 |    0 |  368 |   0 | POST   | /api/auth                    | 0.001 | 0.605 |    9.680 | 0.014 | 0.034 | 0.061 | 0.129 |  0.034 |     0.000 |     19.000 |      4232.000 |     6.072 |
|   1960 |   0 |    262 | 1698 |    0 |   0 | GET    | /assets/vendor.d5e1a410.js   | 0.001 | 0.128 |    8.428 | 0.004 | 0.007 | 0.010 | 0.101 |  0.014 |     0.000 | 743417.000 | 194775254.000 | 99375.130 |
|    402 |   0 |    191 |    0 |  211 |   0 | GET    | /api/user/me                 | 0.001 | 0.710 |    5.086 | 0.013 | 0.029 | 0.050 | 0.149 |  0.043 |    21.000 |     39.000 |     10859.000 |    27.012 |
|   1960 |   0 |    262 | 1698 |    0 |   0 | GET    | /assets/index.f8c2722b.js    | 0.001 | 0.032 |    3.898 | 0.002 | 0.005 | 0.007 | 0.019 |  0.003 |     0.000 |  26685.000 |   6991470.000 |  3567.077 |
|   1960 |   0 |    262 | 1698 |    0 |   0 | GET    | /assets/favicon.d0f5f504.svg | 0.001 | 0.032 |    3.833 | 0.002 | 0.005 | 0.007 | 0.019 |  0.003 |     0.000 |    592.000 |    155104.000 |    79.135 |
|   1960 |   0 |    262 | 1698 |    0 |   0 | GET    | /assets/index.144d8ca8.css   | 0.001 | 0.032 |    3.737 | 0.002 | 0.004 | 0.007 | 0.014 |  0.003 |     0.000 |  19066.000 |   4995292.000 |  2548.618 |
|   2119 |   0 |    453 | 1666 |    0 |   0 | GET    | /                            | 0.000 | 0.026 |    3.654 | 0.002 | 0.004 | 0.006 | 0.018 |  0.003 |     0.000 |    528.000 |    239184.000 |   112.876 |
|    215 |   0 |    167 |    0 |   48 |   0 | POST   | /api/signout                 | 0.001 | 0.231 |    3.621 | 0.017 | 0.043 | 0.059 | 0.182 |  0.031 |    21.000 |     21.000 |      1008.000 |     4.688 |
|   1960 |   0 |    262 | 1698 |    0 |   0 | GET    | /assets/logo_white.svg       | 0.000 | 0.018 |    2.967 | 0.002 | 0.004 | 0.006 | 0.011 |  0.002 |     0.000 |   3285.000 |    860670.000 |   439.117 |
|   1879 |   0 |    261 | 1618 |    0 |   0 | GET    | /assets/logo_orange.svg      | 0.000 | 0.019 |    2.938 | 0.002 | 0.004 | 0.006 | 0.011 |  0.002 |  3288.000 |   3288.000 |    858168.000 |   456.715 |
|      1 |   0 |      1 |    0 |    0 |   0 | POST   | /initialize                  | 0.203 | 0.203 |    0.203 | 0.203 | 0.203 | 0.203 | 0.203 |  0.000 |    18.000 |     18.000 |        18.000 |    18.000 |
|      1 |   0 |      1 |    0 |    0 |   0 | GET    | /stats                       | 0.003 | 0.003 |    0.003 | 0.003 | 0.003 | 0.003 | 0.003 |  0.000 |  1684.000 |   1684.000 |      1684.000 |  1684.000 |
|     18 |   0 |      6 |   12 |    0 |   0 | GET    | /isu/[0-9a-z\-]+/condition   | 0.000 | 0.001 |    0.001 | 0.000 | 0.000 | 0.001 | 0.001 |  0.000 |     0.000 |    528.000 |      3168.000 |   176.000 |
|      6 |   0 |      6 |    0 |    0 |   0 | GET    | /isu/[0-9a-z\-]+/graph       | 0.000 | 0.001 |    0.001 | 0.000 | 0.001 | 0.001 | 0.001 |  0.000 |   528.000 |    528.000 |      3168.000 |   528.000 |
|      6 |   0 |      6 |    0 |    0 |   0 | GET    | /isu/[0-9a-z\-]+             | 0.000 | 0.001 |    0.001 | 0.000 | 0.001 | 0.001 | 0.001 |  0.000 |   528.000 |    528.000 |      3168.000 |   528.000 |
|      3 |   0 |      1 |    2 |    0 |   0 | GET    | /register                    | 0.000 | 0.000 |    0.000 | 0.000 | 0.000 | 0.000 | 0.000 |  0.000 |     0.000 |    528.000 |       528.000 |   176.000 |
+--------+-----+--------+------+------+-----+--------+------------------------------+-------+-------+----------+-------+-------+-------+-------+--------+-----------+------------+---------------+-----------+
