+--------+-----+--------+------+------+-----+--------+------------------------------+-------+-------+----------+-------+-------+-------+-------+--------+------------+------------+---------------+------------+
| COUNT  | 1XX |  2XX   | 3XX  | 4XX  | 5XX | METHOD |             URI              |  MIN  |  MAX  |   SUM    |  AVG  |  P90  |  P95  |  P99  | STDDEV | MIN(BODY)  | MAX(BODY)  |   SUM(BODY)   | AVG(BODY)  |
+--------+-----+--------+------+------+-----+--------+------------------------------+-------+-------+----------+-------+-------+-------+-------+--------+------------+------------+---------------+------------+
| 157643 |   0 | 155301 |    0 | 2342 |   0 | POST   | /api/condition/[0-9a-z\-]+   | 0.001 | 0.106 | 1625.318 | 0.010 | 0.034 | 0.053 | 0.100 |  0.020 |      0.000 |     14.000 |        70.000 |      0.000 |
|   1831 |   0 |   1729 |    0 |  102 |   0 | GET    | /api/trend                   | 0.113 | 1.003 |  972.968 | 0.531 | 0.875 | 1.000 | 1.001 |  0.225 |      0.000 |   7690.000 |  10517872.000 |   5744.332 |
|   8546 |   0 |   8227 |    0 |  319 |   0 | GET    | /api/condition/[0-9a-z\-]+   | 0.010 | 0.666 |  771.603 | 0.090 | 0.172 | 0.219 | 0.335 |  0.066 |      0.000 |   6642.000 |  41493498.000 |   4855.312 |
|   6381 |   0 |   6250 |    0 |  131 |   0 | GET    | /api/isu/[0-9a-z\-]+/icon    | 0.004 | 0.505 |  329.021 | 0.052 | 0.108 | 0.146 | 0.249 |  0.049 |      0.000 |  99032.000 | 140107761.000 |  21957.023 |
|   1552 |   0 |   1335 |    0 |  217 |   0 | GET    | /api/isu/[0-9a-z\-]+/graph   | 0.001 | 0.496 |   98.054 | 0.063 | 0.126 | 0.172 | 0.288 |  0.057 |      0.000 |   6431.000 |   5801014.000 |   3737.767 |
|   1220 |   0 |   1176 |    0 |   44 |   0 | GET    | /api/isu                     | 0.015 | 0.409 |   66.573 | 0.055 | 0.110 | 0.152 | 0.297 |  0.052 |      0.000 |   3780.000 |   2056454.000 |   1685.618 |
|   1326 |   0 |   1195 |    0 |  131 |   0 | GET    | /api/isu/[0-9a-z\-]+         | 0.007 | 0.798 |   64.774 | 0.049 | 0.104 | 0.134 | 0.237 |  0.050 |      0.000 |    140.000 |    147213.000 |    111.020 |
|    726 |   0 |    382 |    0 |  344 |   0 | POST   | /api/auth                    | 0.001 | 0.427 |   11.316 | 0.016 | 0.041 | 0.060 | 0.138 |  0.031 |      0.000 |     19.000 |      3956.000 |      5.449 |
|     84 |   0 |     84 |    0 |    0 |   0 | POST   | /api/isu                     | 0.068 | 0.445 |   11.142 | 0.133 | 0.215 | 0.261 | 0.445 |  0.067 |    112.000 |    138.000 |     10179.000 |    121.179 |
|   1853 |   0 |    291 | 1562 |    0 |   0 | GET    | /assets/vendor.d5e1a410.js   | 0.004 | 0.094 |    7.936 | 0.004 | 0.008 | 0.013 | 0.081 |  0.011 | 743417.000 | 743417.000 | 216334347.000 | 116748.164 |
|    276 |   0 |    233 |    0 |   43 |   0 | POST   | /api/signout                 | 0.011 | 0.307 |    6.548 | 0.024 | 0.053 | 0.087 | 0.230 |  0.038 |      0.000 |     21.000 |       903.000 |      3.272 |
|    529 |   0 |    253 |    0 |  276 |   0 | GET    | /api/user/me                 | 0.001 | 0.259 |    6.419 | 0.012 | 0.032 | 0.059 | 0.106 |  0.023 |     21.000 |     37.000 |     14119.000 |     26.690 |
|   1853 |   0 |    291 | 1562 |    0 |   0 | GET    | /assets/index.f8c2722b.js    | 0.000 | 0.030 |    4.209 | 0.002 | 0.006 | 0.008 | 0.014 |  0.003 |  26685.000 |  26685.000 |   7765335.000 |   4190.683 |
|   1853 |   0 |    291 | 1562 |    0 |   0 | GET    | /assets/index.144d8ca8.css   | 0.001 | 0.030 |    4.190 | 0.002 | 0.005 | 0.008 | 0.014 |  0.003 |  19066.000 |  19066.000 |   5548206.000 |   2994.175 |
|   1853 |   0 |    291 | 1562 |    0 |   0 | GET    | /assets/favicon.d0f5f504.svg | 0.000 | 0.030 |    4.112 | 0.002 | 0.006 | 0.008 | 0.015 |  0.003 |    592.000 |    592.000 |    172272.000 |     92.969 |
|   2097 |   0 |    541 | 1556 |    0 |   0 | GET    | /                            | 0.001 | 0.024 |    3.766 | 0.002 | 0.005 | 0.007 | 0.014 |  0.003 |    528.000 |    528.000 |    285648.000 |    136.217 |
|   1862 |   0 |    296 | 1566 |    0 |   0 | GET    | /assets/logo_white.svg       | 0.001 | 0.026 |    3.676 | 0.002 | 0.005 | 0.007 | 0.015 |  0.003 |   3285.000 |   3285.000 |    972360.000 |    522.213 |
|   1819 |   0 |    296 | 1523 |    0 |   0 | GET    | /assets/logo_orange.svg      | 0.002 | 0.029 |    3.630 | 0.002 | 0.005 | 0.007 | 0.014 |  0.003 |   3288.000 |   3288.000 |    973248.000 |    535.046 |
|      1 |   0 |      1 |    0 |    0 |   0 | GET    | /stats                       | 0.003 | 0.003 |    0.003 | 0.003 | 0.003 | 0.003 | 0.003 |  0.000 |   1680.000 |   1680.000 |      1680.000 |   1680.000 |
+--------+-----+--------+------+------+-----+--------+------------------------------+-------+-------+----------+-------+-------+-------+-------+--------+------------+------------+---------------+------------+
