+-------+-----+-------+-----+------+-----+--------+------------------------------+-------+-------+---------+-------+-------+-------+-------+--------+------------+------------+---------------+------------+
| COUNT | 1XX |  2XX  | 3XX | 4XX  | 5XX | METHOD |             URI              |  MIN  |  MAX  |   SUM   |  AVG  |  P90  |  P95  |  P99  | STDDEV | MIN(BODY)  | MAX(BODY)  |   SUM(BODY)   | AVG(BODY)  |
+-------+-----+-------+-----+------+-----+--------+------------------------------+-------+-------+---------+-------+-------+-------+-------+--------+------------+------------+---------------+------------+
| 77095 |   0 | 75983 |   0 | 1112 |   0 | POST   | /api/condition/[0-9a-z\-]+   | 0.002 | 0.104 | 760.616 | 0.010 | 0.024 | 0.066 | 0.100 |  0.021 |      0.000 |     14.000 |        70.000 |      0.001 |
|   441 |   0 |   202 |   0 |  239 |   0 | GET    | /api/trend                   | 0.028 | 1.001 | 403.667 | 0.915 | 0.997 | 1.000 | 1.001 |  0.166 |      0.000 |   4646.000 |    880827.000 |   1997.340 |
| 11443 |   0 | 11235 |   0 |  208 |   0 | GET    | /api/isu/[0-9a-z\-]+/icon    | 0.002 | 0.159 | 285.019 | 0.025 | 0.043 | 0.053 | 0.076 |  0.015 |      0.000 |  99032.000 | 217959801.000 |  19047.435 |
|  4952 |   0 |  4485 |   0 |  467 |   0 | GET    | /api/condition/[0-9a-z\-]+   | 0.001 | 0.188 | 185.833 | 0.038 | 0.066 | 0.081 | 0.112 |  0.023 |      0.000 |   6282.000 |  20650768.000 |   4170.187 |
|  1715 |   0 |  1649 |   0 |   66 |   0 | GET    | /api/isu                     | 0.054 | 0.178 |  88.372 | 0.052 | 0.085 | 0.098 | 0.126 |  0.025 |      3.000 |   3771.000 |   3861331.000 |   2251.505 |
|  1466 |   0 |  1135 |   0 |  331 |   0 | GET    | /api/isu/[0-9a-z\-]+/graph   | 0.001 | 0.169 |  52.331 | 0.036 | 0.066 | 0.077 | 0.100 |  0.023 |      0.000 |   4852.000 |   3586115.000 |   2446.190 |
|  1810 |   0 |  1612 |   0 |  198 |   0 | GET    | /api/isu/[0-9a-z\-]+         | 0.001 | 0.119 |  36.711 | 0.020 | 0.037 | 0.043 | 0.068 |  0.014 |     14.000 |    128.000 |    197112.000 |    108.902 |
|  1024 |   0 |   496 |   0 |  528 |   0 | POST   | /api/auth                    | 0.001 | 0.065 |   9.639 | 0.009 | 0.021 | 0.026 | 0.042 |  0.009 |      0.000 |     19.000 |      6072.000 |      5.930 |
|   651 |   0 |   298 |   0 |  353 |   0 | GET    | /api/user/me                 | 0.003 | 0.071 |   4.471 | 0.007 | 0.018 | 0.026 | 0.039 |  0.009 |     21.000 |     39.000 |     17585.000 |     27.012 |
|   357 |   0 |   289 |   0 |   68 |   0 | POST   | /api/signout                 | 0.001 | 0.070 |   3.647 | 0.010 | 0.021 | 0.025 | 0.047 |  0.009 |      0.000 |     21.000 |      1428.000 |      4.000 |
|    58 |   0 |    54 |   0 |    4 |   0 | POST   | /api/isu                     | 0.001 | 0.094 |   3.612 | 0.062 | 0.084 | 0.089 | 0.094 |  0.019 |     15.000 |    128.000 |      6594.000 |    113.690 |
|   544 |   0 |   324 | 220 |    0 |   0 | GET    | /assets/vendor.d5e1a410.js   | 0.006 | 0.028 |   2.231 | 0.004 | 0.009 | 0.011 | 0.020 |  0.004 | 743417.000 | 743417.000 | 240867108.000 | 442770.419 |
|   810 |   0 |   622 | 188 |    0 |   0 | GET    | /                            | 0.001 | 0.023 |   2.222 | 0.003 | 0.007 | 0.009 | 0.014 |  0.003 |    528.000 |    528.000 |    328416.000 |    405.452 |
|   544 |   0 |   324 | 220 |    0 |   0 | GET    | /assets/index.f8c2722b.js    | 0.001 | 0.020 |   1.754 | 0.003 | 0.007 | 0.008 | 0.014 |  0.003 |  26685.000 |  26685.000 |   8645940.000 |  15893.272 |
|   544 |   0 |   324 | 220 |    0 |   0 | GET    | /assets/favicon.d0f5f504.svg | 0.001 | 0.016 |   1.743 | 0.003 | 0.008 | 0.009 | 0.013 |  0.003 |    592.000 |    592.000 |    191808.000 |    352.588 |
|   544 |   0 |   324 | 220 |    0 |   0 | GET    | /assets/index.144d8ca8.css   | 0.003 | 0.020 |   1.657 | 0.003 | 0.007 | 0.009 | 0.014 |  0.003 |  19066.000 |  19066.000 |   6177384.000 |  11355.485 |
|   544 |   0 |   324 | 220 |    0 |   0 | GET    | /assets/logo_white.svg       | 0.001 | 0.045 |   1.635 | 0.003 | 0.007 | 0.009 | 0.016 |  0.003 |   3285.000 |   3285.000 |   1064340.000 |   1956.507 |
|   443 |   0 |   323 | 120 |    0 |   0 | GET    | /assets/logo_orange.svg      | 0.001 | 0.045 |   1.380 | 0.003 | 0.007 | 0.009 | 0.016 |  0.004 |   3288.000 |   3288.000 |   1062024.000 |   2397.345 |
|     1 |   0 |     1 |   0 |    0 |   0 | POST   | /initialize                  | 0.248 | 0.248 |   0.248 | 0.248 | 0.248 | 0.248 | 0.248 |  0.000 |     18.000 |     18.000 |        18.000 |     18.000 |
|    18 |   0 |     6 |  12 |    0 |   0 | GET    | /isu/[0-9a-z\-]+/condition   | 0.000 | 0.001 |   0.003 | 0.000 | 0.001 | 0.001 | 0.001 |  0.000 |      0.000 |    528.000 |      3168.000 |    176.000 |
|     1 |   0 |     1 |   0 |    0 |   0 | GET    | /stats                       | 0.003 | 0.003 |   0.003 | 0.003 | 0.003 | 0.003 | 0.003 |  0.000 |   1658.000 |   1658.000 |      1658.000 |   1658.000 |
|     6 |   0 |     6 |   0 |    0 |   0 | GET    | /isu/[0-9a-z\-]+/graph       | 0.000 | 0.001 |   0.002 | 0.000 | 0.001 | 0.001 | 0.001 |  0.000 |    528.000 |    528.000 |      3168.000 |    528.000 |
|     6 |   0 |     6 |   0 |    0 |   0 | GET    | /isu/[0-9a-z\-]+             | 0.001 | 0.001 |   0.001 | 0.000 | 0.001 | 0.001 | 0.001 |  0.000 |    528.000 |    528.000 |      3168.000 |    528.000 |
|     3 |   0 |     1 |   2 |    0 |   0 | GET    | /register                    | 0.000 | 0.000 |   0.000 | 0.000 | 0.000 | 0.000 | 0.000 |  0.000 |      0.000 |    528.000 |       528.000 |    176.000 |
+-------+-----+-------+-----+------+-----+--------+------------------------------+-------+-------+---------+-------+-------+-------+-------+--------+------------+------------+---------------+------------+
