+--------+-----+--------+------+-----+-----+--------+------------------------------+-------+-------+----------+-------+-------+-------+-------+--------+------------+------------+---------------+------------+
| COUNT  | 1XX |  2XX   | 3XX  | 4XX | 5XX | METHOD |             URI              |  MIN  |  MAX  |   SUM    |  AVG  |  P90  |  P95  |  P99  | STDDEV | MIN(BODY)  | MAX(BODY)  |   SUM(BODY)   | AVG(BODY)  |
+--------+-----+--------+------+-----+-----+--------+------------------------------+-------+-------+----------+-------+-------+-------+-------+--------+------------+------------+---------------+------------+
|   4248 |   0 |   4144 |    0 | 104 |   0 | GET    | /api/trend                   | 0.013 | 1.004 | 1715.604 | 0.404 | 0.756 | 0.880 | 1.000 |  0.246 |      0.000 |   8747.000 |  24378256.000 |   5738.761 |
| 170368 |   0 | 169577 |    0 | 791 |   0 | POST   | /api/condition/[0-9a-z\-]+   | 0.001 | 0.109 | 1016.092 | 0.006 | 0.015 | 0.030 | 0.069 |  0.013 |      0.000 |     14.000 |       154.000 |      0.001 |
|  14938 |   0 |  14762 |    0 | 176 |   0 | GET    | /api/isu/[0-9a-z\-]+/icon    | 0.007 | 0.621 |  574.886 | 0.038 | 0.080 | 0.111 | 0.213 |  0.042 |      0.000 | 114887.000 | 313650635.000 |  20996.829 |
|   8323 |   0 |   7924 |    0 | 399 |   0 | GET    | /api/condition/[0-9a-z\-]+   | 0.001 | 0.587 |  571.398 | 0.069 | 0.133 | 0.174 | 0.311 |  0.058 |      0.000 |   6222.000 |  36917691.000 |   4435.623 |
|   2459 |   0 |   2181 |    0 | 278 |   0 | GET    | /api/isu/[0-9a-z\-]+/graph   | 0.001 | 0.515 |  123.538 | 0.050 | 0.096 | 0.133 | 0.250 |  0.046 |      0.000 |   4948.000 |   6806750.000 |   2768.097 |
|   2573 |   0 |   2517 |    0 |  56 |   0 | GET    | /api/isu                     | 0.001 | 0.389 |  106.274 | 0.041 | 0.084 | 0.109 | 0.203 |  0.038 |      0.000 |   3782.000 |   4931462.000 |   1916.620 |
|   2693 |   0 |   2526 |    0 | 167 |   0 | GET    | /api/isu/[0-9a-z\-]+         | 0.013 | 0.566 |  104.636 | 0.039 | 0.083 | 0.118 | 0.235 |  0.046 |      0.000 |    144.000 |    309275.000 |    114.844 |
|    167 |   0 |    163 |    0 |   4 |   0 | POST   | /api/isu                     | 0.003 | 0.419 |   18.406 | 0.110 | 0.155 | 0.190 | 0.378 |  0.052 |     15.000 |    144.000 |     19854.000 |    118.886 |
|   1086 |   0 |    646 |    0 | 440 |   0 | POST   | /api/auth                    | 0.001 | 0.283 |   15.953 | 0.015 | 0.037 | 0.052 | 0.112 |  0.023 |      0.000 |     19.000 |      5060.000 |      4.659 |
|   4789 |   0 |   1051 | 3738 |   0 |   0 | GET    | /                            | 0.004 | 0.036 |   10.341 | 0.002 | 0.005 | 0.008 | 0.015 |  0.003 |      0.000 |    528.000 |    554928.000 |    115.876 |
|    508 |   0 |    451 |    0 |  57 |   0 | POST   | /api/signout                 | 0.001 | 0.358 |    9.740 | 0.019 | 0.044 | 0.066 | 0.144 |  0.030 |      0.000 |     21.000 |      1197.000 |      2.356 |
|    985 |   0 |    481 |    0 | 504 |   0 | GET    | /api/user/me                 | 0.001 | 0.140 |    9.503 | 0.010 | 0.026 | 0.039 | 0.085 |  0.016 |     21.000 |     40.000 |     26401.000 |     26.803 |
|    570 |   0 |    570 |    0 |   0 |   0 | GET    | /assets/vendor.d5e1a410.js   | 0.001 | 0.087 |    4.275 | 0.007 | 0.016 | 0.027 | 0.064 |  0.011 | 743417.000 | 743417.000 | 423747690.000 | 743417.000 |
|    570 |   0 |    570 |    0 |   0 |   0 | GET    | /assets/index.f8c2722b.js    | 0.001 | 0.045 |    3.108 | 0.005 | 0.012 | 0.018 | 0.033 |  0.007 |  26685.000 |  26685.000 |  15210450.000 |  26685.000 |
|    570 |   0 |    570 |    0 |   0 |   0 | GET    | /assets/favicon.d0f5f504.svg | 0.001 | 0.045 |    3.033 | 0.005 | 0.012 | 0.017 | 0.033 |  0.006 |    592.000 |    592.000 |    337440.000 |    592.000 |
|    570 |   0 |    570 |    0 |   0 |   0 | GET    | /assets/index.144d8ca8.css   | 0.001 | 0.045 |    3.014 | 0.005 | 0.011 | 0.017 | 0.033 |  0.006 |  19066.000 |  19066.000 |  10867620.000 |  19066.000 |
|    569 |   0 |    569 |    0 |   0 |   0 | GET    | /assets/logo_orange.svg      | 0.001 | 0.030 |    2.058 | 0.004 | 0.009 | 0.013 | 0.018 |  0.004 |   3288.000 |   3288.000 |   1870872.000 |   3288.000 |
|    570 |   0 |    570 |    0 |   0 |   0 | GET    | /assets/logo_white.svg       | 0.001 | 0.030 |    2.055 | 0.004 | 0.009 | 0.013 | 0.018 |  0.004 |   3285.000 |   3285.000 |   1872450.000 |   3285.000 |
|      1 |   0 |      1 |    0 |   0 |   0 | POST   | /initialize                  | 0.220 | 0.220 |    0.220 | 0.220 | 0.220 | 0.220 | 0.220 |  0.000 |     18.000 |     18.000 |        18.000 |     18.000 |
|      1 |   0 |      1 |    0 |   0 |   0 | GET    | /stats                       | 0.008 | 0.008 |    0.008 | 0.008 | 0.008 | 0.008 | 0.008 |  0.000 |   1682.000 |   1682.000 |      1682.000 |   1682.000 |
|     18 |   0 |      6 |   12 |   0 |   0 | GET    | /isu/[0-9a-z\-]+/condition   | 0.000 | 0.001 |    0.002 | 0.000 | 0.001 | 0.001 | 0.001 |  0.000 |      0.000 |    528.000 |      3168.000 |    176.000 |
|      6 |   0 |      6 |    0 |   0 |   0 | GET    | /isu/[0-9a-z\-]+/graph       | 0.001 | 0.001 |    0.001 | 0.000 | 0.001 | 0.001 | 0.001 |  0.000 |    528.000 |    528.000 |      3168.000 |    528.000 |
|      6 |   0 |      6 |    0 |   0 |   0 | GET    | /isu/[0-9a-z\-]+             | 0.000 | 0.001 |    0.001 | 0.000 | 0.001 | 0.001 | 0.001 |  0.000 |    528.000 |    528.000 |      3168.000 |    528.000 |
|      3 |   0 |      1 |    2 |   0 |   0 | GET    | /register                    | 0.000 | 0.000 |    0.000 | 0.000 | 0.000 | 0.000 | 0.000 |  0.000 |      0.000 |    528.000 |       528.000 |    176.000 |
+--------+-----+--------+------+-----+-----+--------+------------------------------+-------+-------+----------+-------+-------+-------+-------+--------+------------+------------+---------------+------------+
