+--------+-----+--------+------+-----+-----+--------+------------------------------+-------+-------+----------+-------+-------+-------+-------+--------+------------+------------+---------------+------------+
| COUNT  | 1XX |  2XX   | 3XX  | 4XX | 5XX | METHOD |             URI              |  MIN  |  MAX  |   SUM    |  AVG  |  P90  |  P95  |  P99  | STDDEV | MIN(BODY)  | MAX(BODY)  |   SUM(BODY)   | AVG(BODY)  |
+--------+-----+--------+------+-----+-----+--------+------------------------------+-------+-------+----------+-------+-------+-------+-------+--------+------------+------------+---------------+------------+
|   3251 |   0 |   3131 |    0 | 120 |   0 | GET    | /api/trend                   | 0.033 | 1.002 | 1588.852 | 0.489 | 0.820 | 0.929 | 1.000 |  0.226 |      0.000 |   8751.000 |  19762861.000 |   6079.010 |
| 162141 |   0 | 161399 |    0 | 742 |   0 | POST   | /api/condition/[0-9a-z\-]+   | 0.001 | 0.118 | 1010.057 | 0.006 | 0.015 | 0.030 | 0.069 |  0.013 |      0.000 |     14.000 |        14.000 |      0.000 |
|   7587 |   0 |   7255 |    0 | 332 |   0 | GET    | /api/condition/[0-9a-z\-]+   | 0.001 | 0.703 |  552.687 | 0.073 | 0.136 | 0.178 | 0.295 |  0.057 |      0.000 |   6342.000 |  34528023.000 |   4550.945 |
|  11698 |   0 |  11557 |    0 | 141 |   0 | GET    | /api/isu/[0-9a-z\-]+/icon    | 0.001 | 0.660 |  529.259 | 0.045 | 0.088 | 0.123 | 0.240 |  0.045 |      0.000 | 114887.000 | 252357137.000 |  21572.674 |
|   2151 |   0 |   1925 |    0 | 226 |   0 | GET    | /api/isu/[0-9a-z\-]+/graph   | 0.001 | 0.492 |  122.497 | 0.057 | 0.111 | 0.146 | 0.262 |  0.049 |      0.000 |   5277.000 |   6216994.000 |   2890.281 |
|   2104 |   0 |   2056 |    0 |  48 |   0 | GET    | /api/isu                     | 0.004 | 0.737 |  102.385 | 0.049 | 0.089 | 0.124 | 0.225 |  0.048 |      0.000 |   3817.000 |   3868277.000 |   1838.535 |
|   2186 |   0 |   2049 |    0 | 137 |   0 | GET    | /api/isu/[0-9a-z\-]+         | 0.001 | 0.604 |   97.188 | 0.044 | 0.090 | 0.120 | 0.256 |  0.046 |      0.000 |    141.000 |    252758.000 |    115.626 |
|    905 |   0 |    545 |    0 | 360 |   0 | POST   | /api/auth                    | 0.001 | 0.389 |   15.966 | 0.018 | 0.038 | 0.060 | 0.155 |  0.030 |      0.000 |     19.000 |      4140.000 |      4.575 |
|   3267 |   0 |    470 | 2797 |   0 |   0 | GET    | /assets/vendor.d5e1a410.js   | 0.001 | 0.095 |   14.242 | 0.004 | 0.010 | 0.015 | 0.049 |  0.008 | 743417.000 | 743417.000 | 349405990.000 | 106950.104 |
|    107 |   0 |    107 |    0 |   0 |   0 | POST   | /api/isu                     | 0.068 | 0.526 |   13.059 | 0.122 | 0.178 | 0.209 | 0.412 |  0.062 |    111.000 |    141.000 |     13030.000 |    121.776 |
|    435 |   0 |    390 |    0 |  45 |   0 | POST   | /api/signout                 | 0.001 | 0.520 |   10.635 | 0.024 | 0.049 | 0.072 | 0.218 |  0.040 |      0.000 |     21.000 |       945.000 |      2.172 |
|    845 |   0 |    409 |    0 | 436 |   0 | GET    | /api/user/me                 | 0.002 | 0.326 |   10.620 | 0.013 | 0.032 | 0.050 | 0.100 |  0.023 |      0.000 |     41.000 |     22958.000 |     27.169 |
|   3677 |   0 |    880 | 2797 |   0 |   0 | GET    | /                            | 0.001 | 0.035 |    9.307 | 0.003 | 0.006 | 0.009 | 0.015 |  0.003 |    528.000 |    528.000 |    464640.000 |    126.364 |
|   3267 |   0 |    470 | 2797 |   0 |   0 | GET    | /assets/index.144d8ca8.css   | 0.005 | 0.032 |    9.285 | 0.003 | 0.007 | 0.010 | 0.016 |  0.004 |  19066.000 |  19066.000 |   8961020.000 |   2742.890 |
|   3267 |   0 |    470 | 2797 |   0 |   0 | GET    | /assets/favicon.d0f5f504.svg | 0.001 | 0.041 |    9.264 | 0.003 | 0.007 | 0.010 | 0.018 |  0.004 |    592.000 |    592.000 |    278240.000 |     85.167 |
|   3267 |   0 |    470 | 2797 |   0 |   0 | GET    | /assets/index.f8c2722b.js    | 0.001 | 0.041 |    9.208 | 0.003 | 0.007 | 0.009 | 0.017 |  0.004 |  26685.000 |  26685.000 |  12541950.000 |   3838.981 |
|   3268 |   0 |    470 | 2798 |   0 |   0 | GET    | /assets/logo_white.svg       | 0.001 | 0.027 |    8.001 | 0.002 | 0.006 | 0.008 | 0.015 |  0.003 |   3285.000 |   3285.000 |   1543950.000 |    472.445 |
|   3223 |   0 |    470 | 2753 |   0 |   0 | GET    | /assets/logo_orange.svg      | 0.000 | 0.025 |    7.970 | 0.002 | 0.006 | 0.009 | 0.015 |  0.003 |   3288.000 |   3288.000 |   1545360.000 |    479.479 |
|      1 |   0 |      1 |    0 |   0 |   0 | GET    | /stats                       | 0.003 | 0.003 |    0.003 | 0.003 | 0.003 | 0.003 | 0.003 |  0.000 |   1681.000 |   1681.000 |      1681.000 |   1681.000 |
+--------+-----+--------+------+-----+-----+--------+------------------------------+-------+-------+----------+-------+-------+-------+-------+--------+------------+------------+---------------+------------+
