+-------+-----+-------+-----+------+-----+--------+------------------------------+-------+-------+---------+-------+-------+-------+-------+--------+-----------+------------+--------------+------------+
| COUNT | 1XX |  2XX  | 3XX | 4XX  | 5XX | METHOD |             URI              |  MIN  |  MAX  |   SUM   |  AVG  |  P90  |  P95  |  P99  | STDDEV | MIN(BODY) | MAX(BODY)  |  SUM(BODY)   | AVG(BODY)  |
+-------+-----+-------+-----+------+-----+--------+------------------------------+-------+-------+---------+-------+-------+-------+-------+--------+-----------+------------+--------------+------------+
| 74067 |   0 | 72466 |   0 | 1601 |   0 | POST   | /api/condition/[0-9a-z\-]+   | 0.018 | 0.107 | 371.083 | 0.005 | 0.006 | 0.032 | 0.100 |  0.017 |     0.000 |     14.000 |       98.000 |      0.001 |
|   508 |   0 |   192 |   0 |  316 |   0 | GET    | /api/isu                     | 0.337 | 3.001 | 297.759 | 0.586 | 1.001 | 1.001 | 1.002 |  0.463 |     0.000 |   3781.000 |   280543.000 |    552.250 |
|   912 |   0 |   443 |   0 |  469 |   0 | GET    | /api/condition/[0-9a-z\-]+   | 0.044 | 1.000 |  80.474 | 0.088 | 0.254 | 0.303 | 0.390 |  0.116 |     0.000 |   5862.000 |  1949326.000 |   2137.419 |
|    53 |   0 |    12 |   0 |   41 |   0 | GET    | /api/trend                   | 0.017 | 1.002 |  44.408 | 0.838 | 1.000 | 1.001 | 1.002 |  0.339 |     0.000 |   3686.000 |    34538.000 |    651.660 |
|  1106 |   0 |   905 |   0 |  201 |   0 | GET    | /api/isu/[0-9a-z\-]+/icon    | 0.001 | 0.509 |  35.297 | 0.032 | 0.079 | 0.108 | 0.222 |  0.046 |    14.000 |  99032.000 | 16682316.000 |  15083.468 |
|   479 |   0 |   144 |   0 |  335 |   0 | GET    | /api/isu/[0-9a-z\-]+/graph   | 0.020 | 0.577 |  31.952 | 0.067 | 0.233 | 0.401 | 0.550 |  0.124 |    14.000 |   4724.000 |   449388.000 |    938.180 |
|   778 |   0 |   234 |   0 |  544 |   0 | POST   | /api/auth                    | 0.001 | 2.824 |   9.228 | 0.012 | 0.008 | 0.020 | 0.105 |  0.115 |     0.000 |     19.000 |     6256.000 |      8.041 |
|   370 |   0 |   167 |   0 |  203 |   0 | GET    | /api/isu/[0-9a-z\-]+         | 0.001 | 1.000 |   6.807 | 0.018 | 0.048 | 0.075 | 0.186 |  0.059 |     0.000 |    137.000 |    23680.000 |     64.000 |
|    55 |   0 |    51 |   0 |    4 |   0 | POST   | /api/isu                     | 0.003 | 0.123 |   3.494 | 0.064 | 0.079 | 0.085 | 0.123 |  0.020 |    15.000 |    137.000 |     6281.000 |    114.200 |
|   118 |   0 |    30 |   0 |   88 |   0 | GET    | /api/user/me                 | 0.000 | 0.053 |   0.419 | 0.004 | 0.009 | 0.023 | 0.050 |  0.009 |    21.000 |     37.000 |     2804.000 |     23.763 |
|    92 |   0 |    22 |   0 |   70 |   0 | POST   | /api/signout                 | 0.000 | 0.061 |   0.357 | 0.004 | 0.009 | 0.022 | 0.061 |  0.010 |    21.000 |     21.000 |     1470.000 |     15.978 |
|   158 |   0 |    53 | 105 |    0 |   0 | GET    | /assets/vendor.d5e1a410.js   | 0.000 | 0.023 |   0.319 | 0.002 | 0.004 | 0.006 | 0.023 |  0.003 |     0.000 | 743417.000 | 39401101.000 | 249374.057 |
|     1 |   0 |     1 |   0 |    0 |   0 | POST   | /initialize                  | 0.220 | 0.220 |   0.220 | 0.220 | 0.220 | 0.220 | 0.220 |  0.000 |    18.000 |     18.000 |       18.000 |     18.000 |
|   158 |   0 |    53 | 105 |    0 |   0 | GET    | /assets/index.f8c2722b.js    | 0.000 | 0.007 |   0.201 | 0.001 | 0.003 | 0.005 | 0.006 |  0.001 |     0.000 |  26685.000 |  1414305.000 |   8951.297 |
|   158 |   0 |    53 | 105 |    0 |   0 | GET    | /assets/favicon.d0f5f504.svg | 0.000 | 0.007 |   0.201 | 0.001 | 0.003 | 0.005 | 0.006 |  0.001 |     0.000 |    592.000 |    31376.000 |    198.582 |
|   158 |   0 |    53 | 105 |    0 |   0 | GET    | /assets/index.144d8ca8.css   | 0.001 | 0.007 |   0.183 | 0.001 | 0.002 | 0.004 | 0.006 |  0.001 |     0.000 |  19066.000 |  1010498.000 |   6395.557 |
|   156 |   0 |    83 |  73 |    0 |   0 | GET    | /                            | 0.001 | 0.007 |   0.148 | 0.001 | 0.002 | 0.004 | 0.005 |  0.001 |     0.000 |    528.000 |    43824.000 |    280.923 |
|   158 |   0 |    53 | 105 |    0 |   0 | GET    | /assets/logo_white.svg       | 0.000 | 0.010 |   0.132 | 0.001 | 0.002 | 0.004 | 0.008 |  0.001 |     0.000 |   3285.000 |   174105.000 |   1101.930 |
|    55 |   0 |    52 |   3 |    0 |   0 | GET    | /assets/logo_orange.svg      | 0.001 | 0.010 |   0.078 | 0.001 | 0.004 | 0.006 | 0.010 |  0.002 |  3288.000 |   3288.000 |   170976.000 |   3108.655 |
|    18 |   0 |     6 |  12 |    0 |   0 | GET    | /isu/[0-9a-z\-]+/condition   | 0.000 | 0.001 |   0.003 | 0.000 | 0.001 | 0.001 | 0.001 |  0.000 |     0.000 |    528.000 |     3168.000 |    176.000 |
|     6 |   0 |     6 |   0 |    0 |   0 | GET    | /isu/[0-9a-z\-]+/graph       | 0.000 | 0.001 |   0.001 | 0.000 | 0.001 | 0.001 | 0.001 |  0.000 |   528.000 |    528.000 |     3168.000 |    528.000 |
|     3 |   0 |     1 |   2 |    0 |   0 | GET    | /register                    | 0.001 | 0.001 |   0.001 | 0.000 | 0.001 | 0.001 | 0.001 |  0.000 |     0.000 |    528.000 |      528.000 |    176.000 |
|     6 |   0 |     6 |   0 |    0 |   0 | GET    | /isu/[0-9a-z\-]+             | 0.000 | 0.000 |   0.000 | 0.000 | 0.000 | 0.000 | 0.000 |  0.000 |   528.000 |    528.000 |     3168.000 |    528.000 |
+-------+-----+-------+-----+------+-----+--------+------------------------------+-------+-------+---------+-------+-------+-------+-------+--------+-----------+------------+--------------+------------+
