key,count,sum,min,max,avg,rate,p95
getIsuList,508,809323.700709,0.015866,12101.434287,1593.156891,3.912240,5367.564354
getTrend,53,363738.967443,16.582263,32034.457276,6862.999386,0.585140,21408.767428
getIsuConditions,912,80241.949811,0.015374,1387.036245,87.984594,6.032909,302.037629
getIsuConditionsFromDB,443,62238.601168,0.402579,539.599835,140.493456,3.586762,317.776668
getUserIDFromSession,3640,57642.046555,0.011192,9522.438641,56.072030,35.525225,110.112345
postIsuCondition,74067,34716.715633,0.000329,12449.006940,33.771124,404.819635,29.803981
getIsuGraph,479,31737.433821,0.015313,575.928701,66.257691,3.147345,399.311293
getIsuIcon,1106,30555.909565,0.015989,508.584405,29.723647,14.612099,103.716316
generateIsuGraphResponse,144,23101.169682,0.161326,551.810805,160.424789,1.320129,471.309645
getIsuID,370,9834.582529,0.016354,2507.011985,26.579953,4.249881,79.133565
postAuthentication,778,7921.215415,0.002285,2823.674764,10.181511,4.709357,18.642034
postIsu,55,3443.791467,0.014681,122.897056,62.614390,1.618061,84.615560
getMe,118,343.161744,0.014483,53.014253,2.908150,1.110119,22.852468
postSignout,92,323.906812,0.016253,61.267567,3.520726,0.716459,26.637171
getSession,3896,133.239962,0.001252,2.280506,0.129611,37.607985,0.303540
getJIAServiceURL,52,77.368412,0.115510,13.681201,1.487854,1.529803,4.090881
calculateGraphDataPoint,6520,22.082753,0.000966,1.069266,0.021481,46.375700,0.041227
getIndex,189,17.481794,0.022326,2.686765,0.092496,0.571645,0.184655
calculateConditionLevel,79013,0.776939,0.000083,0.494287,0.000756,364.139299,0.001027
isValidConditionFormat,132313,0.585686,0.000116,0.033420,0.000570,672.601342,0.000942