+--------+-----+--------+------+------+-----+--------+------------------------------+-------+-------+----------+-------+-------+-------+-------+--------+------------+------------+---------------+------------+
| COUNT  | 1XX |  2XX   | 3XX  | 4XX  | 5XX | METHOD |             URI              |  MIN  |  MAX  |   SUM    |  AVG  |  P90  |  P95  |  P99  | STDDEV | MIN(BODY)  | MAX(BODY)  |   SUM(BODY)   | AVG(BODY)  |
+--------+-----+--------+------+------+-----+--------+------------------------------+-------+-------+----------+-------+-------+-------+-------+--------+------------+------------+---------------+------------+
| 127353 |   0 | 125646 |    0 | 1706 |   1 | POST   | /api/condition/[0-9a-z\-]+   | 0.001 | 0.113 | 1276.601 | 0.010 | 0.029 | 0.063 | 0.100 |  0.020 |      0.000 |    166.000 |       208.000 |      0.002 |
|   1903 |   0 |   1834 |    0 |   69 |   0 | GET    | /api/trend                   | 0.011 | 1.001 | 1036.388 | 0.545 | 0.835 | 0.928 | 1.000 |  0.203 |      0.000 |   7010.000 |  10665980.000 |   5604.824 |
|   6018 |   0 |   5712 |    0 |  306 |   0 | GET    | /api/condition/[0-9a-z\-]+   | 0.001 | 0.551 |  469.194 | 0.078 | 0.145 | 0.183 | 0.290 |  0.057 |      0.000 |   6522.000 |  27596803.000 |   4585.710 |
|   8140 |   0 |   8008 |    0 |  132 |   0 | GET    | /api/isu/[0-9a-z\-]+/icon    | 0.001 | 0.529 |  424.682 | 0.052 | 0.101 | 0.134 | 0.236 |  0.046 |      0.000 |  99032.000 | 175842541.000 |  21602.278 |
|   1747 |   0 |   1535 |    0 |  212 |   0 | GET    | /api/isu/[0-9a-z\-]+/graph   | 0.001 | 0.447 |   98.130 | 0.056 | 0.105 | 0.138 | 0.218 |  0.043 |      0.000 |   5190.000 |   5077840.000 |   2906.606 |
|   1529 |   0 |   1485 |    0 |   44 |   0 | GET    | /api/isu                     | 0.001 | 0.419 |   78.236 | 0.051 | 0.100 | 0.132 | 0.212 |  0.042 |      0.000 |   3762.000 |   2660716.000 |   1740.167 |
|   1606 |   0 |   1480 |    0 |  126 |   0 | GET    | /api/isu/[0-9a-z\-]+         | 0.001 | 0.528 |   78.079 | 0.049 | 0.099 | 0.127 | 0.227 |  0.046 |     14.000 |    141.000 |    182644.000 |    113.726 |
|    763 |   0 |    426 |    0 |  337 |   0 | POST   | /api/auth                    | 0.001 | 0.211 |   13.280 | 0.017 | 0.044 | 0.060 | 0.110 |  0.023 |      0.000 |     19.000 |      3864.000 |      5.064 |
|   1918 |   0 |    341 | 1577 |    0 |   0 | GET    | /assets/vendor.d5e1a410.js   | 0.001 | 0.083 |    9.704 | 0.005 | 0.011 | 0.014 | 0.027 |  0.006 | 743417.000 | 743417.000 | 253505197.000 | 132171.636 |
|   2220 |   0 |    643 | 1577 |    0 |   0 | GET    | /                            | 0.001 | 0.039 |    9.278 | 0.004 | 0.010 | 0.013 | 0.021 |  0.005 |    528.000 |    528.000 |    339504.000 |    152.930 |
|    631 |   0 |    301 |    0 |  330 |   0 | GET    | /api/user/me                 | 0.008 | 0.143 |    8.769 | 0.014 | 0.036 | 0.053 | 0.100 |  0.020 |     21.000 |     40.000 |     17026.000 |     26.983 |
|   1917 |   0 |    340 | 1577 |    0 |   0 | GET    | /assets/favicon.d0f5f504.svg | 0.001 | 0.039 |    8.533 | 0.004 | 0.010 | 0.012 | 0.023 |  0.005 |    592.000 |    592.000 |    201280.000 |    104.997 |
|   1918 |   0 |    341 | 1577 |    0 |   0 | GET    | /assets/index.f8c2722b.js    | 0.001 | 0.039 |    8.445 | 0.004 | 0.009 | 0.013 | 0.022 |  0.004 |  26685.000 |  26685.000 |   9099585.000 |   4744.309 |
|    330 |   0 |    288 |    0 |   42 |   0 | POST   | /api/signout                 | 0.001 | 0.335 |    8.337 | 0.025 | 0.054 | 0.088 | 0.171 |  0.033 |      0.000 |     21.000 |       882.000 |      2.673 |
|   1918 |   0 |    341 | 1577 |    0 |   0 | GET    | /assets/index.144d8ca8.css   | 0.001 | 0.039 |    8.077 | 0.004 | 0.009 | 0.012 | 0.023 |  0.004 |      0.000 |  19066.000 |   6501506.000 |   3389.732 |
|   1919 |   0 |    342 | 1577 |    0 |   0 | GET    | /assets/logo_white.svg       | 0.001 | 0.039 |    8.005 | 0.004 | 0.009 | 0.012 | 0.023 |  0.004 |   3285.000 |   3285.000 |   1123470.000 |    585.446 |
|   1876 |   0 |    341 | 1535 |    0 |   0 | GET    | /assets/logo_orange.svg      | 0.001 | 0.039 |    7.771 | 0.004 | 0.009 | 0.012 | 0.024 |  0.005 |   3288.000 |   3288.000 |   1121208.000 |    597.659 |
|     61 |   0 |     61 |    0 |    0 |   0 | POST   | /api/isu                     | 0.077 | 0.262 |    7.137 | 0.117 | 0.146 | 0.216 | 0.262 |  0.039 |    109.000 |    141.000 |      7426.000 |    121.738 |
|      1 |   0 |      1 |    0 |    0 |   0 | GET    | /stats                       | 0.003 | 0.003 |    0.003 | 0.003 | 0.003 | 0.003 | 0.003 |  0.000 |   1678.000 |   1678.000 |      1678.000 |   1678.000 |
+--------+-----+--------+------+------+-----+--------+------------------------------+-------+-------+----------+-------+-------+-------+-------+--------+------------+------------+---------------+------------+
