+--------+-----+--------+------+------+-----+--------+------------------------------+-------+-------+----------+-------+-------+-------+-------+--------+------------+------------+---------------+------------+
| COUNT  | 1XX |  2XX   | 3XX  | 4XX  | 5XX | METHOD |             URI              |  MIN  |  MAX  |   SUM    |  AVG  |  P90  |  P95  |  P99  | STDDEV | MIN(BODY)  | MAX(BODY)  |   SUM(BODY)   | AVG(BODY)  |
+--------+-----+--------+------+------+-----+--------+------------------------------+-------+-------+----------+-------+-------+-------+-------+--------+------------+------------+---------------+------------+
|   3480 |   0 |   3385 |    0 |   95 |   0 | GET    | /api/trend                   | 0.012 | 1.005 | 1403.282 | 0.403 | 0.735 | 0.865 | 1.000 |  0.233 |      0.000 |   7688.000 |  19090652.000 |   5485.820 |
| 152847 |   0 | 151663 |    0 | 1184 |   0 | POST   | /api/condition/[0-9a-z\-]+   | 0.003 | 0.110 | 1054.960 | 0.007 | 0.017 | 0.050 | 0.092 |  0.017 |      0.000 |     14.000 |        56.000 |      0.000 |
|  13933 |   0 |  13760 |    0 |  173 |   0 | GET    | /api/isu/[0-9a-z\-]+/icon    | 0.004 | 0.787 |  543.679 | 0.039 | 0.082 | 0.114 | 0.208 |  0.044 |      0.000 | 135259.000 | 286875294.000 |  20589.629 |
|   7923 |   0 |   7514 |    0 |  409 |   0 | GET    | /api/condition/[0-9a-z\-]+   | 0.002 | 0.640 |  515.083 | 0.065 | 0.129 | 0.167 | 0.278 |  0.055 |      0.000 |   6282.000 |  34956666.000 |   4412.049 |
|   2453 |   0 |   2161 |    0 |  292 |   0 | GET    | /api/isu/[0-9a-z\-]+/graph   | 0.006 | 0.430 |  112.040 | 0.046 | 0.091 | 0.125 | 0.210 |  0.042 |      0.000 |   5222.000 |   6811756.000 |   2776.908 |
|   2470 |   0 |   2409 |    0 |   61 |   0 | GET    | /api/isu                     | 0.001 | 0.510 |  101.790 | 0.041 | 0.086 | 0.120 | 0.219 |  0.044 |      0.000 |   8059.000 |   4551863.000 |   1842.860 |
|   2551 |   0 |   2379 |    0 |  172 |   0 | GET    | /api/isu/[0-9a-z\-]+         | 0.001 | 0.472 |   92.492 | 0.036 | 0.079 | 0.112 | 0.203 |  0.041 |      0.000 |    137.000 |    287555.000 |    112.722 |
|    139 |   0 |    135 |    0 |    4 |   0 | POST   | /api/isu                     | 0.003 | 0.428 |   14.573 | 0.105 | 0.169 | 0.243 | 0.321 |  0.059 |     15.000 |    137.000 |     16337.000 |    117.532 |
|   1109 |   0 |    653 |    0 |  456 |   0 | POST   | /api/auth                    | 0.001 | 0.402 |   14.524 | 0.013 | 0.031 | 0.048 | 0.095 |  0.024 |      0.000 |     19.000 |      5244.000 |      4.729 |
|    994 |   0 |    482 |    0 |  512 |   0 | GET    | /api/user/me                 | 0.000 | 0.207 |    9.208 | 0.009 | 0.024 | 0.037 | 0.091 |  0.018 |     21.000 |     39.000 |     27236.000 |     27.400 |
|   3595 |   0 |    560 | 3035 |    0 |   0 | GET    | /assets/vendor.d5e1a410.js   | 0.002 | 0.095 |    8.745 | 0.002 | 0.005 | 0.008 | 0.022 |  0.006 | 743417.000 | 743417.000 | 416313520.000 | 115803.483 |
|    516 |   0 |    457 |    0 |   59 |   0 | POST   | /api/signout                 | 0.003 | 0.176 |    8.061 | 0.016 | 0.037 | 0.054 | 0.092 |  0.020 |      0.000 |     21.000 |      1239.000 |      2.401 |
|   3595 |   0 |    559 | 3035 |    1 |   0 | GET    | /assets/index.144d8ca8.css   | 0.001 | 0.032 |    7.401 | 0.002 | 0.005 | 0.007 | 0.013 |  0.003 |      0.000 |  19066.000 |  10657894.000 |   2964.644 |
|   3595 |   0 |    559 | 3035 |    1 |   0 | GET    | /assets/index.f8c2722b.js    | 0.002 | 0.032 |    7.337 | 0.002 | 0.005 | 0.007 | 0.015 |  0.003 |      0.000 |  26685.000 |  14916915.000 |   4149.350 |
|   3595 |   0 |    560 | 3035 |    0 |   0 | GET    | /assets/favicon.d0f5f504.svg | 0.000 | 0.032 |    7.241 | 0.002 | 0.005 | 0.007 | 0.014 |  0.003 |    592.000 |    592.000 |    331520.000 |     92.217 |
|   4025 |   0 |   1042 | 2983 |    0 |   0 | GET    | /                            | 0.000 | 0.026 |    6.575 | 0.002 | 0.004 | 0.006 | 0.011 |  0.002 |    528.000 |    528.000 |    550176.000 |    136.690 |
|   3595 |   0 |    559 | 3035 |    1 |   0 | GET    | /assets/logo_white.svg       | 0.000 | 0.027 |    5.804 | 0.002 | 0.004 | 0.006 | 0.012 |  0.002 |      0.000 |   3285.000 |   1836315.000 |    510.797 |
|   3483 |   0 |    558 | 2924 |    1 |   0 | GET    | /assets/logo_orange.svg      | 0.000 | 0.027 |    5.669 | 0.002 | 0.004 | 0.006 | 0.012 |  0.002 |      0.000 |   3288.000 |   1834704.000 |    526.760 |
|      1 |   0 |      1 |    0 |    0 |   0 | POST   | /initialize                  | 0.217 | 0.217 |    0.217 | 0.217 | 0.217 | 0.217 | 0.217 |  0.000 |     18.000 |     18.000 |        18.000 |     18.000 |
|      1 |   0 |      1 |    0 |    0 |   0 | GET    | /stats                       | 0.003 | 0.003 |    0.003 | 0.003 | 0.003 | 0.003 | 0.003 |  0.000 |   1681.000 |   1681.000 |      1681.000 |   1681.000 |
|     30 |   0 |     10 |   20 |    0 |   0 | GET    | /isu/[0-9a-z\-]+/condition   | 0.000 | 0.001 |    0.001 | 0.000 | 0.000 | 0.000 | 0.001 |  0.000 |      0.000 |    528.000 |      5280.000 |    176.000 |
|     10 |   0 |     10 |    0 |    0 |   0 | GET    | /isu/[0-9a-z\-]+/graph       | 0.000 | 0.001 |    0.001 | 0.000 | 0.000 | 0.001 | 0.001 |  0.000 |    528.000 |    528.000 |      5280.000 |    528.000 |
|      3 |   0 |      1 |    2 |    0 |   0 | GET    | /register                    | 0.000 | 0.001 |    0.001 | 0.000 | 0.001 | 0.001 | 0.001 |  0.000 |      0.000 |    528.000 |       528.000 |    176.000 |
|     10 |   0 |     10 |    0 |    0 |   0 | GET    | /isu/[0-9a-z\-]+             | 0.000 | 0.000 |    0.000 | 0.000 | 0.000 | 0.000 | 0.000 |  0.000 |    528.000 |    528.000 |      5280.000 |    528.000 |
+--------+-----+--------+------+------+-----+--------+------------------------------+-------+-------+----------+-------+-------+-------+-------+--------+------------+------------+---------------+------------+
