+--------+-----+--------+-----+------+-----+--------+------------------------------+-------+-------+----------+-------+-------+-------+-------+--------+------------+------------+---------------+------------+
| COUNT  | 1XX |  2XX   | 3XX | 4XX  | 5XX | METHOD |             URI              |  MIN  |  MAX  |   SUM    |  AVG  |  P90  |  P95  |  P99  | STDDEV | MIN(BODY)  | MAX(BODY)  |   SUM(BODY)   | AVG(BODY)  |
+--------+-----+--------+-----+------+-----+--------+------------------------------+-------+-------+----------+-------+-------+-------+-------+--------+------------+------------+---------------+------------+
| 130744 |   0 | 128143 |   0 | 2601 |   0 | POST   | /api/condition/[0-9a-z\-]+   | 0.001 | 0.129 | 1545.936 | 0.012 | 0.038 | 0.060 | 0.100 |  0.021 |      0.000 |     14.000 |        98.000 |      0.001 |
|   8338 |   0 |   8088 |   0 |  250 |   0 | GET    | /api/condition/[0-9a-z\-]+   | 0.001 | 0.947 |  639.747 | 0.077 | 0.148 | 0.196 | 0.323 |  0.062 |      0.000 |   6285.000 |  40832466.000 |   4897.154 |
|    660 |   0 |    561 |   0 |   99 |   0 | GET    | /api/trend                   | 0.130 | 1.061 |  448.503 | 0.680 | 1.000 | 1.000 | 1.001 |  0.206 |      0.000 |   7538.000 |   3886485.000 |   5888.614 |
|   6006 |   0 |   5904 |   0 |  102 |   0 | GET    | /api/isu/[0-9a-z\-]+/icon    | 0.003 | 0.613 |  194.441 | 0.032 | 0.070 | 0.099 | 0.182 |  0.037 |      0.000 |  99032.000 | 149552015.000 |  24900.435 |
|   1537 |   0 |   1367 |   0 |  170 |   0 | GET    | /api/isu/[0-9a-z\-]+/graph   | 0.001 | 0.776 |  116.368 | 0.076 | 0.147 | 0.187 | 0.308 |  0.061 |      0.000 |   6381.000 |   6091822.000 |   3963.450 |
|   1209 |   0 |   1176 |   0 |   33 |   0 | GET    | /api/isu                     | 0.002 | 0.753 |   77.548 | 0.064 | 0.124 | 0.170 | 0.286 |  0.059 |      3.000 |   3744.000 |   1933130.000 |   1598.950 |
|   1265 |   0 |   1166 |   0 |   99 |   0 | GET    | /api/isu/[0-9a-z\-]+         | 0.001 | 0.416 |   41.078 | 0.032 | 0.069 | 0.110 | 0.192 |  0.039 |     14.000 |    144.000 |    142347.000 |    112.527 |
|    594 |   0 |    330 |   0 |  264 |   0 | POST   | /api/auth                    | 0.001 | 0.203 |   10.894 | 0.018 | 0.048 | 0.076 | 0.122 |  0.026 |      0.000 |     19.000 |      3036.000 |      5.111 |
|    491 |   0 |    231 |   0 |  260 |   0 | GET    | /api/user/me                 | 0.001 | 0.179 |    8.192 | 0.017 | 0.045 | 0.073 | 0.123 |  0.026 |      0.000 |     42.000 |     13358.000 |     27.206 |
|    259 |   0 |    226 |   0 |   33 |   0 | POST   | /api/signout                 | 0.008 | 0.201 |    6.925 | 0.027 | 0.061 | 0.081 | 0.184 |  0.031 |      0.000 |     21.000 |       693.000 |      2.676 |
|    661 |   0 |    242 | 419 |    0 |   0 | GET    | /assets/vendor.d5e1a410.js   | 0.001 | 0.046 |    3.724 | 0.006 | 0.014 | 0.019 | 0.029 |  0.006 | 743417.000 | 743417.000 | 179906914.000 | 272173.849 |
|     26 |   0 |     26 |   0 |    0 |   0 | POST   | /api/isu                     | 0.068 | 0.186 |    2.885 | 0.111 | 0.170 | 0.178 | 0.186 |  0.034 |    111.000 |    144.000 |      3152.000 |    121.231 |
|    891 |   0 |    472 | 419 |    0 |   0 | GET    | /                            | 0.000 | 0.027 |    2.127 | 0.002 | 0.006 | 0.008 | 0.013 |  0.003 |    528.000 |    528.000 |    249216.000 |    279.704 |
|    661 |   0 |    242 | 419 |    0 |   0 | GET    | /assets/index.144d8ca8.css   | 0.001 | 0.027 |    2.114 | 0.003 | 0.007 | 0.010 | 0.019 |  0.004 |  19066.000 |  19066.000 |   4613972.000 |   6980.290 |
|    662 |   0 |    242 | 420 |    0 |   0 | GET    | /assets/favicon.d0f5f504.svg | 0.002 | 0.076 |    2.112 | 0.003 | 0.008 | 0.010 | 0.019 |  0.005 |    592.000 |    592.000 |    143264.000 |    216.411 |
|    661 |   0 |    242 | 419 |    0 |   0 | GET    | /assets/index.f8c2722b.js    | 0.000 | 0.027 |    2.101 | 0.003 | 0.008 | 0.010 | 0.018 |  0.004 |  26685.000 |  26685.000 |   6457770.000 |   9769.697 |
|    629 |   0 |    242 | 387 |    0 |   0 | GET    | /assets/logo_orange.svg      | 0.000 | 0.024 |    1.978 | 0.003 | 0.008 | 0.012 | 0.018 |  0.004 |   3288.000 |   3288.000 |    795696.000 |   1265.017 |
|    662 |   0 |    242 | 420 |    0 |   0 | GET    | /assets/logo_white.svg       | 0.001 | 0.024 |    1.937 | 0.003 | 0.008 | 0.012 | 0.019 |  0.004 |   3285.000 |   3285.000 |    794970.000 |   1200.861 |
|      1 |   0 |      1 |   0 |    0 |   0 | GET    | /stats                       | 0.002 | 0.002 |    0.002 | 0.002 | 0.002 | 0.002 | 0.002 |  0.000 |   1604.000 |   1604.000 |      1604.000 |   1604.000 |
+--------+-----+--------+-----+------+-----+--------+------------------------------+-------+-------+----------+-------+-------+-------+-------+--------+------------+------------+---------------+------------+
