+-------+-----+-----+-----+-----+-----+--------+------------------------------+-------+-------+-------+-------+-------+-------+-------+--------+------------+------------+-------------+------------+
| COUNT | 1XX | 2XX | 3XX | 4XX | 5XX | METHOD |             URI              |  MIN  |  MAX  |  SUM  |  AVG  |  P90  |  P95  |  P99  | STDDEV | MIN(BODY)  | MAX(BODY)  |  SUM(BODY)  | AVG(BODY)  |
+-------+-----+-----+-----+-----+-----+--------+------------------------------+-------+-------+-------+-------+-------+-------+-------+--------+------------+------------+-------------+------------+
|     1 |   0 |   1 |   0 |   0 |   0 | POST   | /initialize                  | 0.264 | 0.264 | 0.264 | 0.264 | 0.264 | 0.264 | 0.264 |  0.000 |     18.000 |     18.000 |      18.000 |     18.000 |
|     1 |   0 |   1 |   0 |   0 |   0 | GET    | /api/trend                   | 0.043 | 0.043 | 0.043 | 0.043 | 0.043 | 0.043 | 0.043 |  0.000 |   2662.000 |   2662.000 |    2662.000 |   2662.000 |
|     9 |   0 |   3 |   6 |   0 |   0 | GET    | /assets/vendor.d5e1a410.js   | 0.001 | 0.004 | 0.009 | 0.001 | 0.004 | 0.004 | 0.004 |  0.001 | 743417.000 | 743417.000 | 2230251.000 | 247805.667 |
|     2 |   0 |   2 |   0 |   0 |   0 | POST   | /api/auth                    | 0.000 | 0.009 | 0.009 | 0.004 | 0.009 | 0.009 | 0.009 |  0.004 |      0.000 |      0.000 |       0.000 |      0.000 |
|     9 |   0 |   3 |   6 |   0 |   0 | GET    | /assets/index.f8c2722b.js    | 0.000 | 0.003 | 0.008 | 0.001 | 0.003 | 0.003 | 0.003 |  0.001 |  26685.000 |  26685.000 |   80055.000 |   8895.000 |
|     2 |   0 |   2 |   0 |   0 |   0 | GET    | /api/isu                     | 0.002 | 0.005 | 0.007 | 0.004 | 0.005 | 0.005 | 0.005 |  0.002 |    413.000 |   2079.000 |    2492.000 |   1246.000 |
|     9 |   0 |   3 |   6 |   0 |   0 | GET    | /assets/favicon.d0f5f504.svg | 0.000 | 0.002 | 0.005 | 0.001 | 0.002 | 0.002 | 0.002 |  0.001 |    592.000 |    592.000 |    1776.000 |    197.333 |
|     4 |   0 |   4 |   0 |   0 |   0 | GET    | /api/isu/[0-9a-z\-]+/icon    | 0.001 | 0.002 | 0.005 | 0.001 | 0.002 | 0.002 | 0.002 |  0.000 |  20376.000 |  20872.000 |   82496.000 |  20624.000 |
|     2 |   0 |   0 |   0 |   0 |   2 | GET    | /api/isu/[0-9a-z\-]+/graph   | 0.002 | 0.002 | 0.004 | 0.002 | 0.002 | 0.002 | 0.002 |  0.000 |      0.000 |      0.000 |       0.000 |      0.000 |
|     3 |   0 |   3 |   0 |   0 |   0 | GET    | /assets/logo_orange.svg      | 0.001 | 0.001 | 0.003 | 0.001 | 0.001 | 0.001 | 0.001 |  0.000 |   3288.000 |   3288.000 |    9864.000 |   3288.000 |
|     9 |   0 |   3 |   6 |   0 |   0 | GET    | /assets/index.144d8ca8.css   | 0.000 | 0.002 | 0.003 | 0.000 | 0.002 | 0.002 | 0.002 |  0.001 |  19066.000 |  19066.000 |   57198.000 |   6355.333 |
|     7 |   0 |   5 |   2 |   0 |   0 | GET    | /                            | 0.000 | 0.002 | 0.003 | 0.000 | 0.002 | 0.002 | 0.002 |  0.001 |    528.000 |    528.000 |    2640.000 |    377.143 |
|     9 |   0 |   3 |   6 |   0 |   0 | GET    | /assets/logo_white.svg       | 0.001 | 0.001 | 0.003 | 0.000 | 0.001 | 0.001 | 0.001 |  0.000 |   3285.000 |   3285.000 |    9855.000 |   1095.000 |
|     2 |   0 |   2 |   0 |   0 |   0 | GET    | /api/user/me                 | 0.001 | 0.001 | 0.002 | 0.001 | 0.001 | 0.001 | 0.001 |  0.000 |     26.000 |     37.000 |      63.000 |     31.500 |
|     2 |   0 |   2 |   0 |   0 |   0 | GET    | /api/isu/[0-9a-z\-]+         | 0.001 | 0.001 | 0.002 | 0.001 | 0.001 | 0.001 | 0.001 |  0.000 |    125.000 |    127.000 |     252.000 |    126.000 |
|     2 |   0 |   2 |   0 |   0 |   0 | GET    | /isu/[0-9a-z\-]+             | 0.001 | 0.001 | 0.002 | 0.001 | 0.001 | 0.001 | 0.001 |  0.000 |    528.000 |    528.000 |    1056.000 |    528.000 |
|     2 |   0 |   2 |   0 |   0 |   0 | POST   | /api/condition/[0-9a-z\-]+   | 0.001 | 0.001 | 0.002 | 0.001 | 0.001 | 0.001 | 0.001 |  0.000 |      0.000 |      0.000 |       0.000 |      0.000 |
|     1 |   0 |   1 |   0 |   0 |   0 | GET    | /stats                       | 0.001 | 0.001 | 0.001 | 0.001 | 0.001 | 0.001 | 0.001 |  0.000 |    956.000 |    956.000 |     956.000 |    956.000 |
|     2 |   0 |   2 |   0 |   0 |   0 | GET    | /isu/[0-9a-z\-]+/graph       | 0.000 | 0.000 | 0.000 | 0.000 | 0.000 | 0.000 | 0.000 |  0.000 |    528.000 |    528.000 |    1056.000 |    528.000 |
+-------+-----+-----+-----+-----+-----+--------+------------------------------+-------+-------+-------+-------+-------+-------+-------+--------+------------+------------+-------------+------------+
